1 0.880990 0.396759 0.033854 0.089815
1 0.217188 0.711111 0.175000 0.577778
2 0.210938 0.505093 0.084375 0.173148
0 0.882292 0.432407 0.021875 0.053704
0 0.498177 0.349537 0.013021 0.030556
0 0.570573 0.350926 0.038021 0.033333
0 0.610156 0.353241 0.035937 0.028704
0 0.640365 0.347685 0.018229 0.036111
0 0.651302 0.394444 0.046354 0.098148
0 0.667188 0.337963 0.038542 0.048148
0 0.707812 0.345370 0.019792 0.029630
0 0.731510 0.342593 0.021354 0.029630
0 0.240365 0.849074 0.479687 0.301852
2 0.888021 0.362037 0.008333 0.018519
2 0.882812 0.364815 0.006250 0.018519
