1 0.380729 0.656481 0.052083 0.259259
1 0.873437 0.582870 0.023958 0.113889
1 0.895573 0.589352 0.029687 0.134259
1 0.050521 0.774074 0.100000 0.451852
2 0.034115 0.636111 0.064062 0.179630
2 0.379688 0.548148 0.026042 0.050000
0 0.426302 0.581944 0.023438 0.050926
0 0.385156 0.717130 0.107813 0.269444
0 0.657031 0.549537 0.005729 0.025000
0 0.885417 0.617593 0.047917 0.087037
0 0.910417 0.550000 0.011458 0.035185
0 0.920052 0.550926 0.015104 0.035185
0 0.111719 0.837500 0.222396 0.325000
2 0.891667 0.536111 0.014583 0.025926
2 0.878125 0.537963 0.013542 0.025926
