1 0.532813 0.573611 0.025000 0.093519
1 0.924479 0.649074 0.086458 0.231481
1 0.714583 0.596759 0.042708 0.136111
0 0.488021 0.568519 0.015625 0.040741
0 0.505729 0.572685 0.028125 0.050926
0 0.531771 0.597685 0.026042 0.087963
0 0.642448 0.548611 0.021354 0.045370
0 0.656771 0.562963 0.027083 0.044444
0 0.922917 0.733333 0.111458 0.207407
0 0.714583 0.630556 0.044792 0.116667
3 0.710677 0.543056 0.015104 0.032407
3 0.905208 0.557870 0.022917 0.049074
3 0.532813 0.534722 0.009375 0.017593
3 0.510417 0.536574 0.006250 0.015741
1 0.508854 0.561111 0.014583 0.061111
