1 0.907813 0.423148 0.041667 0.138889
1 0.892448 0.431019 0.050521 0.139815
1 0.920573 0.394907 0.034896 0.113889
1 0.951042 0.394444 0.028125 0.098148
1 0.970313 0.466204 0.058333 0.223148
1 0.055990 0.691667 0.110937 0.474074
2 0.052865 0.503241 0.076563 0.099074
2 0.980990 0.380093 0.021354 0.045370
3 0.883594 0.371759 0.010937 0.021296
0 0.121094 0.431944 0.020313 0.037963
0 0.899479 0.455093 0.066667 0.141667
0 0.922396 0.412963 0.034375 0.081481
0 0.948698 0.408333 0.025521 0.072222
0 0.970052 0.532407 0.059896 0.201852
0 0.119271 0.805556 0.237500 0.385185
2 0.896615 0.368519 0.015104 0.025926
2 0.920052 0.351389 0.013021 0.021296
2 0.950521 0.355556 0.010417 0.018519
