1 0.531771 0.599074 0.035417 0.157407
1 0.522917 0.631481 0.041667 0.185185
1 0.362760 0.610648 0.045312 0.193519
1 0.403125 0.663426 0.050000 0.267593
1 0.125000 0.762037 0.131250 0.475926
2 0.143490 0.575463 0.063021 0.104630
2 0.369010 0.530556 0.018229 0.037037
0 0.559896 0.583796 0.016667 0.047222
0 0.504167 0.593519 0.014583 0.081481
0 0.542448 0.612500 0.013021 0.106481
0 0.523698 0.691204 0.040104 0.132407
0 0.362500 0.644907 0.029167 0.167593
0 0.408073 0.731944 0.081771 0.260185
0 0.429427 0.618056 0.035937 0.110185
0 0.134896 0.848611 0.235417 0.300926
2 0.401042 0.556019 0.028125 0.052778
2 0.422396 0.534722 0.017708 0.032407
2 0.525260 0.556481 0.020313 0.035185
