1 0.045549 0.625926 0.033837 0.118519
1 0.173087 0.661574 0.089016 0.204630
1 0.068974 0.639815 0.055700 0.166667
1 0.175429 0.662037 0.090578 0.205556
1 0.140031 0.709722 0.084331 0.265741
1 0.321968 0.681019 0.051536 0.228704
1 0.290213 0.697222 0.094222 0.231481
1 0.389901 0.747222 0.095783 0.329630
1 0.437272 0.622685 0.044768 0.134259
1 0.592920 0.574074 0.033316 0.090741
1 0.536179 0.593981 0.037480 0.110185
1 0.873764 0.588426 0.033837 0.100926
1 0.902395 0.592130 0.035919 0.113889
1 0.123634 0.813889 0.246226 0.372222
2 0.103852 0.691204 0.069235 0.126852
2 0.290474 0.612500 0.037480 0.056481
0 0.301666 0.793981 0.115044 0.328704
0 0.377408 0.826389 0.139511 0.339815
0 0.025247 0.721759 0.048412 0.134259
0 0.030453 0.720833 0.036960 0.080556
0 0.161895 0.747685 0.045809 0.156481
0 0.199636 0.692130 0.058824 0.147222
0 0.200156 0.887500 0.134826 0.223148
0 0.419573 0.606944 0.027069 0.041667
0 0.432067 0.651852 0.084331 0.109259
0 0.534617 0.617593 0.073920 0.092593
0 0.591619 0.600463 0.060906 0.073148
0 0.622592 0.563889 0.027069 0.040741
0 0.643415 0.586574 0.052056 0.075000
0 0.711348 0.588426 0.051536 0.076852
0 0.800885 0.544444 0.018220 0.050000
0 0.866216 0.609722 0.048933 0.089815
0 0.894326 0.631481 0.040604 0.100000
2 0.048673 0.584722 0.018220 0.030556
2 0.074961 0.583333 0.030193 0.053704
2 0.092400 0.591204 0.032795 0.054630
2 0.120250 0.607870 0.033316 0.062037
2 0.163717 0.580093 0.026549 0.037963
2 0.315721 0.602778 0.042166 0.068519
2 0.380271 0.612963 0.039042 0.062963
2 0.436491 0.568056 0.017179 0.032407
2 0.539042 0.553241 0.016137 0.026852
2 0.593961 0.543056 0.015617 0.025000
1 0.644456 0.565741 0.016658 0.077778
1 0.659292 0.562500 0.020302 0.075000
2 0.645237 0.537037 0.011973 0.018519
2 0.660593 0.537963 0.013535 0.020370
1 0.713431 0.566204 0.024466 0.087963
2 0.714992 0.535185 0.011973 0.022222
