1 0.153125 0.801852 0.205208 0.388889
1 0.813021 0.656944 0.034375 0.247222
1 0.851562 0.688889 0.071875 0.298148
3 0.841667 0.574537 0.023958 0.052778
3 0.815365 0.561111 0.019271 0.055556
0 0.817708 0.594444 0.043750 0.083333
0 0.902083 0.610185 0.067708 0.109259
0 0.350260 0.645370 0.044271 0.129630
0 0.286198 0.616204 0.063021 0.089815
0 0.257812 0.611111 0.062500 0.079630
0 0.272656 0.630556 0.078646 0.111111
0 0.208073 0.674537 0.131771 0.206481
0 0.169010 0.703704 0.119271 0.205556
0 0.143229 0.701852 0.113542 0.257407
0 0.203906 0.903241 0.142187 0.184259
0 0.863281 0.743056 0.138021 0.262037
0 0.939583 0.858796 0.120833 0.282407
3 0.086198 0.676852 0.069271 0.144444
