1 0.874740 0.488426 0.026562 0.117593
1 0.954688 0.504167 0.037500 0.145370
1 0.729688 0.510185 0.043750 0.198148
1 0.701042 0.493981 0.051042 0.215741
1 0.385417 0.522222 0.057292 0.261111
1 0.061458 0.677315 0.114583 0.552778
1 0.850260 0.690741 0.099479 0.437037
2 0.054688 0.451389 0.068750 0.106481
3 0.385417 0.414352 0.025000 0.047222
3 0.844271 0.506944 0.029167 0.063889
0 0.883333 0.517593 0.073958 0.096296
0 0.948177 0.552315 0.050521 0.086111
0 0.709375 0.563889 0.086458 0.140741
0 0.405990 0.589815 0.193229 0.216667
0 0.134635 0.773611 0.268229 0.450926
0 0.841406 0.791667 0.236979 0.407407
3 0.702865 0.403704 0.016146 0.031481
3 0.720052 0.429630 0.018229 0.031481
2 0.877344 0.444444 0.011979 0.027778
2 0.960156 0.447685 0.013021 0.030556
