1 0.226042 0.581481 0.045833 0.192593
1 0.254427 0.591667 0.039062 0.198148
1 0.184635 0.605556 0.068229 0.164815
1 0.067187 0.644444 0.076042 0.287037
1 0.104167 0.617593 0.073958 0.251852
1 0.197917 0.781944 0.077083 0.436111
1 0.138802 0.785648 0.124479 0.426852
2 0.137240 0.620370 0.052604 0.103704
3 0.249219 0.513426 0.018229 0.037963
2 0.234635 0.500463 0.016146 0.034259
0 0.616667 0.565741 0.042708 0.064815
0 0.716406 0.583333 0.067187 0.075926
0 0.892188 0.649537 0.071875 0.154630
0 0.244531 0.637963 0.080729 0.159259
0 0.055729 0.678704 0.060417 0.168519
0 0.030729 0.840278 0.060417 0.319444
0 0.197656 0.856019 0.194271 0.286111
2 0.085938 0.527315 0.035417 0.056481
2 0.120833 0.519907 0.032292 0.060185
2 0.173177 0.540741 0.035937 0.044444
1 0.620052 0.549074 0.019271 0.062963
2 0.621094 0.524074 0.009896 0.012963
2 0.189844 0.614815 0.050521 0.100000
