1 0.046615 0.819907 0.092188 0.360185
1 0.434635 0.803241 0.097396 0.378704
1 0.662500 0.656944 0.034375 0.121296
1 0.635156 0.738889 0.064062 0.283333
1 0.529167 0.646759 0.033333 0.100926
1 0.557292 0.651852 0.036458 0.140741
1 0.696354 0.818981 0.091667 0.358333
1 0.705990 0.815741 0.089063 0.294444
1 0.941406 0.806481 0.115104 0.387037
3 0.032292 0.734722 0.060417 0.169444
3 0.437500 0.658796 0.037500 0.082407
2 0.634115 0.617130 0.031771 0.050926
2 0.955990 0.682407 0.076563 0.120370
0 0.189844 0.899074 0.143229 0.198148
0 0.347656 0.654630 0.058854 0.081481
0 0.359635 0.637500 0.051562 0.058333
0 0.371875 0.622685 0.044792 0.039815
0 0.417708 0.868519 0.232292 0.262963
0 0.390625 0.606944 0.025000 0.019444
0 0.383854 0.618056 0.034375 0.034259
0 0.660156 0.672685 0.035937 0.100926
0 0.630208 0.780556 0.084375 0.244444
0 0.564063 0.755093 0.033333 0.100926
0 0.692708 0.843981 0.152083 0.308333
0 0.872135 0.926389 0.152604 0.143519
2 0.555208 0.604630 0.023958 0.035185
2 0.669531 0.607407 0.013021 0.022222
3 0.697917 0.704167 0.035417 0.065741
3 0.684635 0.669907 0.025521 0.062037
2 0.525000 0.612500 0.018750 0.028704
