1 0.335938 0.453241 0.033333 0.102778
1 0.304427 0.730556 0.195312 0.538889
2 0.288021 0.550926 0.082292 0.168519
0 0.374479 0.447222 0.021875 0.061111
0 0.333854 0.481944 0.034375 0.086111
0 0.201563 0.412037 0.026042 0.038889
0 0.156771 0.438889 0.034375 0.055556
0 0.089844 0.436574 0.049479 0.054630
0 0.036719 0.447685 0.029687 0.047222
0 0.015885 0.449537 0.030729 0.071296
0 0.004427 0.484259 0.007812 0.062963
0 0.280729 0.915741 0.303125 0.168519
2 0.338281 0.415278 0.014063 0.026852
3 0.375260 0.402778 0.007812 0.016667
