1 0.59401 0.663889 0.128646 0.481481
1 0.702865 0.713889 0.114062 0.544444
1 0.784375 0.711574 0.164583 0.576852
1 0.392448 0.655093 0.125521 0.400926
3 0.385417 0.489815 0.033333 0.074074
2 0.569792 0.468981 0.052083 0.100926
2 0.714844 0.508796 0.082812 0.150926
2 0.808333 0.558796 0.095833 0.226852
0 0.403906 0.476852 0.014063 0.037037
0 0.516927 0.520833 0.051562 0.108333
0 0.630729 0.417593 0.027083 0.057407
0 0.61224 0.466204 0.058854 0.080556
0 0.990104 0.493981 0.015625 0.219444
0 0.589063 0.762963 0.16875 0.403704
0 0.823698 0.88287 0.352604 0.234259
0 0.392969 0.770833 0.124479 0.347222
0 0.413021 0.432407 0.007292 0.011111
