1 0.488281 0.685185 0.121354 0.600000
2 0.487240 0.454167 0.055729 0.132407
0 0.740104 0.333333 0.019792 0.024074
0 0.716406 0.334259 0.025521 0.027778
0 0.686979 0.335185 0.034375 0.035185
0 0.655469 0.337500 0.030729 0.032407
0 0.625781 0.335185 0.029687 0.035185
0 0.601042 0.334722 0.023958 0.034259
0 0.491146 0.800926 0.304167 0.398148
0 0.898958 0.421759 0.025000 0.056481
1 0.896354 0.390741 0.031250 0.092593
2 0.901302 0.350000 0.010937 0.018519
1 0.862760 0.364815 0.017188 0.055556
2 0.863802 0.343519 0.005729 0.011111
0 0.863281 0.385648 0.019271 0.041667
