1 0.269391 0.579630 0.033837 0.159259
1 0.244664 0.573148 0.033316 0.125926
1 0.337585 0.641667 0.074440 0.259259
1 0.207184 0.766204 0.166580 0.460185
2 0.203540 0.580093 0.057262 0.086111
2 0.333160 0.533333 0.033316 0.051852
0 0.395367 0.540278 0.005726 0.026852
0 0.388860 0.564352 0.011452 0.047222
0 0.419833 0.567130 0.034878 0.054630
0 0.290474 0.617593 0.035398 0.118519
0 0.340187 0.725000 0.080687 0.253704
0 0.197553 0.859722 0.193129 0.276852
0 0.941697 0.506944 0.012493 0.017593
2 0.244925 0.525463 0.017179 0.028704
2 0.264185 0.525000 0.024466 0.038889
1 0.420354 0.541204 0.029672 0.060185
2 0.418792 0.521759 0.013014 0.019444
