1 0.712240 0.600000 0.035937 0.146296
1 0.737500 0.720370 0.078125 0.342593
1 0.320312 0.782870 0.063542 0.426852
1 0.290885 0.777315 0.083854 0.441667
1 0.209896 0.785648 0.113542 0.421296
3 0.744271 0.567130 0.034375 0.045370
3 0.311719 0.606019 0.035937 0.075000
0 0.752604 0.571759 0.019792 0.047222
0 0.737760 0.760185 0.113021 0.329630
0 0.818490 0.592130 0.011979 0.028704
0 0.289583 0.843519 0.280208 0.312963
3 0.210677 0.629630 0.061979 0.105556
3 0.267708 0.612963 0.050000 0.101852
3 0.714844 0.544907 0.019271 0.036111
