1 0.767188 0.637500 0.028125 0.106481
1 0.613542 0.688426 0.066667 0.223148
1 0.063542 0.665278 0.060417 0.158333
1 0.104688 0.668056 0.070833 0.163889
1 0.154167 0.781019 0.112500 0.437963
2 0.167708 0.616204 0.054167 0.102778
2 0.614844 0.601852 0.027604 0.050000
0 0.767188 0.662500 0.042708 0.093519
0 0.421354 0.644907 0.019792 0.102778
0 0.280469 0.591667 0.042188 0.074074
0 0.319792 0.635648 0.064583 0.067593
0 0.320052 0.575000 0.009896 0.033333
0 0.205469 0.596759 0.026562 0.056481
0 0.283854 0.659722 0.076042 0.113889
0 0.611458 0.776852 0.080208 0.255556
0 0.053646 0.868981 0.087500 0.262037
0 0.238281 0.859722 0.105729 0.273148
0 0.371094 0.625926 0.024479 0.070370
3 0.107031 0.625463 0.035937 0.084259
3 0.078906 0.612500 0.026562 0.050926
2 0.769792 0.600000 0.013542 0.029630
