1 0.546615 0.652315 0.039062 0.108333
1 0.607292 0.743056 0.067708 0.250926
1 0.610417 0.727778 0.055208 0.194444
1 0.664062 0.661574 0.034375 0.128704
1 0.453906 0.807870 0.118229 0.384259
1 0.703906 0.797222 0.099479 0.405556
1 0.063021 0.825463 0.125000 0.349074
3 0.054688 0.730556 0.093750 0.161111
3 0.454688 0.665741 0.045833 0.090741
2 0.701042 0.636574 0.037500 0.069444
0 0.393490 0.608796 0.025521 0.028704
0 0.388281 0.614815 0.026562 0.031481
0 0.382812 0.622685 0.034375 0.043519
0 0.366146 0.627315 0.043750 0.047222
0 0.357031 0.648611 0.064062 0.069444
0 0.346615 0.660185 0.066146 0.098148
0 0.565885 0.746759 0.036979 0.117593
0 0.613542 0.783333 0.067708 0.246296
0 0.665625 0.678241 0.039583 0.106481
0 0.692187 0.875926 0.160417 0.244444
0 0.961979 0.954630 0.072917 0.083333
0 0.446875 0.861574 0.223958 0.276852
0 0.195833 0.890741 0.191667 0.211111
2 0.540625 0.616204 0.020833 0.036111
2 0.670573 0.609259 0.011979 0.025926
3 0.611458 0.634722 0.017708 0.026852
3 0.617969 0.652778 0.022396 0.037037
