1 0.689583 0.745833 0.300000 0.504630
2 0.636719 0.601389 0.083854 0.210185
0 0.207031 0.424074 0.028646 0.074074
0 0.246875 0.434259 0.032292 0.072222
0 0.275000 0.437500 0.039583 0.093519
0 0.454427 0.444444 0.030729 0.101852
0 0.420312 0.464815 0.078125 0.090741
0 0.552865 0.460648 0.034896 0.104630
0 0.586719 0.464815 0.030729 0.092593
0 0.613021 0.460648 0.027083 0.076852
0 0.641406 0.470833 0.024479 0.058333
0 0.670312 0.481019 0.027083 0.078704
0 0.748177 0.489352 0.024479 0.076852
0 0.969531 0.498611 0.030729 0.054630
0 0.646094 0.931944 0.470313 0.136111
