1 0.721094 0.429167 0.033854 0.093519
1 0.772917 0.481481 0.044792 0.142593
1 0.792969 0.478704 0.065104 0.142593
1 0.626302 0.677315 0.109896 0.560185
2 0.629167 0.449074 0.056250 0.105556
0 0.724219 0.447685 0.029687 0.078704
0 0.915625 0.505556 0.042708 0.148148
0 0.867188 0.509722 0.077083 0.102778
0 0.780729 0.524074 0.078125 0.155556
0 0.500000 0.449537 0.034375 0.110185
0 0.590365 0.456944 0.038021 0.102778
0 0.555469 0.480556 0.038021 0.129630
0 0.600781 0.803241 0.165104 0.393519
3 0.807813 0.420370 0.013542 0.025926
3 0.723698 0.395370 0.009896 0.018519
3 0.786719 0.423148 0.016146 0.029630
