1 0.808073 0.697222 0.056771 0.211111
1 0.474740 0.662963 0.034896 0.170370
1 0.472917 0.650926 0.042708 0.153704
1 0.439583 0.693981 0.078125 0.245370
1 0.409896 0.654167 0.038542 0.165741
1 0.396354 0.656019 0.054167 0.184259
1 0.355729 0.743519 0.085417 0.329630
1 0.113802 0.793981 0.226562 0.412037
2 0.354687 0.604167 0.033333 0.054630
2 0.813542 0.613426 0.017708 0.039815
2 0.027865 0.673148 0.054688 0.150000
2 0.738542 0.618519 0.022917 0.042593
2 0.666146 0.599537 0.020833 0.030556
2 0.566667 0.590741 0.013542 0.025926
1 0.733594 0.720370 0.058854 0.250000
1 0.661719 0.685648 0.049479 0.199074
1 0.563021 0.666667 0.041667 0.155556
0 0.797135 0.737963 0.041146 0.124074
0 0.148438 0.884259 0.178125 0.227778
0 0.352083 0.831481 0.119792 0.320370
0 0.353385 0.706481 0.074479 0.187037
0 0.399740 0.691204 0.050521 0.137963
0 0.445833 0.735185 0.079167 0.214815
0 0.476823 0.679167 0.046354 0.147222
0 0.492188 0.701852 0.021875 0.133333
0 0.499219 0.691204 0.030729 0.125000
0 0.757292 0.707407 0.016667 0.038889
2 0.600781 0.601389 0.018229 0.032407
3 0.525781 0.596759 0.015104 0.028704
3 0.538542 0.598148 0.012500 0.025926
3 0.503646 0.592593 0.012500 0.018519
2 0.443490 0.595370 0.022396 0.040741
2 0.477604 0.589352 0.014583 0.036111
2 0.391146 0.578241 0.012500 0.025000
2 0.409896 0.581944 0.011458 0.021296
2 0.402344 0.585648 0.007812 0.026852
