1 0.347917 0.588426 0.025000 0.115741
1 0.347396 0.642593 0.048958 0.174074
1 0.274479 0.699074 0.098958 0.294444
1 0.184115 0.773148 0.204687 0.453704
1 0.394271 0.693981 0.075000 0.315741
1 0.393229 0.659259 0.076042 0.264815
1 0.462760 0.636574 0.068229 0.221296
1 0.458073 0.628704 0.058854 0.190741
1 0.958854 0.637037 0.082292 0.268519
2 0.178646 0.608796 0.075000 0.128704
3 0.390625 0.555093 0.022917 0.045370
3 0.463542 0.545370 0.021875 0.033333
3 0.952344 0.532870 0.024479 0.054630
0 0.341406 0.604167 0.009896 0.039815
0 0.358333 0.698611 0.022917 0.084259
0 0.273698 0.777315 0.116146 0.221296
0 0.188802 0.901852 0.226562 0.196296
0 0.424219 0.662037 0.019271 0.037037
0 0.402344 0.739352 0.077604 0.269444
0 0.458854 0.699537 0.042708 0.126852
0 0.952083 0.705093 0.095833 0.252778
2 0.265885 0.580093 0.036979 0.063889
2 0.458594 0.541204 0.019271 0.032407
2 0.405729 0.563426 0.020833 0.058333
3 0.344792 0.537037 0.009375 0.014815
3 0.356250 0.570833 0.022917 0.030556
