1 0.132223 0.581944 0.057262 0.125000
1 0.094742 0.663889 0.080167 0.242593
1 0.172566 0.773148 0.119209 0.448148
2 0.173868 0.597685 0.047892 0.073148
0 0.048152 0.545370 0.025508 0.064815
0 0.360489 0.562963 0.024466 0.048148
0 0.132223 0.803241 0.165539 0.349074
0 0.167100 0.850000 0.188444 0.298148
0 0.838626 0.578241 0.020822 0.017593
0 0.401614 0.587500 0.027590 0.087963
3 0.116085 0.561574 0.032275 0.073148
2 0.402655 0.532407 0.008850 0.018519
1 0.401614 0.571296 0.026549 0.092593
2 0.141072 0.574074 0.019781 0.075926
