1 0.667188 0.567130 0.033333 0.097222
1 0.769271 0.603241 0.043750 0.162037
1 0.413542 0.600000 0.048958 0.151852
1 0.463542 0.614352 0.058333 0.175000
1 0.331771 0.770370 0.110417 0.459259
1 0.242969 0.757407 0.133854 0.485185
2 0.463542 0.547685 0.023958 0.039815
0 0.358854 0.584259 0.012500 0.050000
0 0.353646 0.601389 0.013542 0.062037
0 0.178906 0.675463 0.095312 0.221296
0 0.644271 0.545833 0.010417 0.019444
0 0.645052 0.550000 0.009896 0.025926
0 0.644531 0.584259 0.010937 0.037037
0 0.635156 0.574074 0.025521 0.053704
0 0.754427 0.548611 0.013021 0.041667
0 0.805990 0.561111 0.016146 0.051852
0 0.668229 0.588426 0.040625 0.075000
0 0.780729 0.631944 0.076042 0.126852
0 0.963802 0.562963 0.050521 0.075926
0 0.420573 0.645370 0.038021 0.112963
0 0.467708 0.677778 0.058333 0.194444
0 0.978125 0.672222 0.040625 0.122222
0 0.320312 0.856481 0.211458 0.283333
0 0.793750 0.576389 0.026042 0.063889
3 0.304167 0.597222 0.054167 0.109259
3 0.252083 0.591204 0.063542 0.150926
3 0.423177 0.536574 0.014063 0.026852
2 0.666406 0.532407 0.015104 0.027778
2 0.770833 0.536574 0.015625 0.036111
