1 0.665625 0.465741 0.045833 0.168519
1 0.346875 0.460185 0.044792 0.135185
1 0.972917 0.641667 0.054167 0.479630
1 0.421094 0.653241 0.152604 0.521296
2 0.414062 0.443981 0.059375 0.128704
2 0.983594 0.449074 0.032813 0.094444
0 0.450260 0.459722 0.020313 0.058333
0 0.665885 0.507407 0.056771 0.155556
0 0.275781 0.460648 0.030729 0.102778
0 0.348958 0.505093 0.043750 0.113889
0 0.944531 0.717130 0.110937 0.358333
0 0.421615 0.777778 0.167187 0.444444
2 0.453385 0.403241 0.015104 0.034259
2 0.342448 0.409722 0.017188 0.030556
2 0.661719 0.402315 0.020313 0.041667
