1 0.434115 0.517593 0.075521 0.227778
1 0.617188 0.597222 0.139583 0.427778
1 0.830729 0.693519 0.167708 0.612963
1 0.927604 0.702778 0.14375 0.594444
2 0.96224 0.575463 0.074479 0.34537
2 0.854167 0.480556 0.113542 0.201852
2 0.601042 0.418981 0.036458 0.09537
3 0.425521 0.421296 0.026042 0.048148
0 0.416927 0.422685 0.010937 0.041667
0 0.542708 0.47037 0.059375 0.111111
0 0.577083 0.4 0.014583 0.072222
0 0.638542 0.4 0.064583 0.122222
0 0.432031 0.569907 0.060937 0.184259
0 0.617708 0.725463 0.195833 0.408333
0 0.864844 0.946296 0.270313 0.107407
