1 0.503385 0.659259 0.025521 0.114815
1 0.477865 0.723611 0.060937 0.241667
1 0.392188 0.794907 0.050000 0.295370
1 0.363542 0.765278 0.085417 0.345370
1 0.055990 0.793056 0.110937 0.402778
2 0.046615 0.679167 0.084896 0.165741
2 0.369271 0.628241 0.042708 0.080556
3 0.479167 0.619444 0.017708 0.035185
2 0.607812 0.617593 0.016667 0.020370
2 0.687760 0.611574 0.015104 0.021296
0 0.472917 0.787037 0.070833 0.150000
0 0.377083 0.865741 0.110417 0.255556
0 0.156250 0.963889 0.165625 0.070370
0 0.510156 0.731944 0.028646 0.087963
