1 0.450547 0.574537 0.039042 0.095370
1 0.485685 0.630556 0.064550 0.198148
1 0.469287 0.649074 0.064029 0.227778
1 0.329256 0.779167 0.127538 0.441667
2 0.351640 0.606481 0.070276 0.107407
2 0.478397 0.556481 0.023946 0.042593
0 0.315981 0.695370 0.195731 0.255556
0 0.350859 0.675000 0.146799 0.233333
0 0.361530 0.624074 0.128579 0.181481
0 0.366476 0.602315 0.064550 0.102778
0 0.442998 0.650463 0.024987 0.125000
0 0.486986 0.685648 0.068194 0.212037
0 0.406299 0.590741 0.070276 0.120370
0 0.406299 0.580556 0.067153 0.079630
0 0.422957 0.554630 0.041124 0.042593
0 0.332639 0.856019 0.198855 0.287963
2 0.456012 0.541204 0.016658 0.030556
2 0.486205 0.551389 0.020822 0.041667
