1 0.685417 0.393056 0.027083 0.087963
1 0.917969 0.479167 0.066146 0.132407
1 0.877344 0.663889 0.095312 0.483333
1 0.736719 0.699074 0.121354 0.601852
2 0.757292 0.456019 0.054167 0.113889
2 0.880208 0.468519 0.043750 0.101852
0 0.488281 0.384722 0.009896 0.028704
0 0.665625 0.369907 0.009375 0.012037
0 0.680469 0.366204 0.008854 0.015741
0 0.686719 0.406481 0.025521 0.072222
0 0.805208 0.390278 0.023958 0.039815
0 0.939844 0.496759 0.064062 0.165741
0 0.856250 0.457870 0.037500 0.115741
0 0.922917 0.564352 0.060417 0.121296
0 0.647917 0.396759 0.020833 0.052778
0 0.630208 0.404167 0.018750 0.058333
0 0.887500 0.797685 0.195833 0.400926
0 0.763542 0.800463 0.200000 0.399074
0 0.035677 0.981019 0.070312 0.037963
0 0.493750 0.412500 0.009375 0.012037
2 0.897656 0.442593 0.026562 0.057407
2 0.691146 0.358333 0.009375 0.018519
