1 0.874740 0.568056 0.044271 0.125000
1 0.772917 0.581019 0.039583 0.119444
1 0.810937 0.764352 0.140625 0.449074
1 0.498437 0.761111 0.133333 0.477778
1 0.175260 0.765278 0.349479 0.469444
2 0.502865 0.580556 0.057813 0.120370
3 0.113021 0.630556 0.085417 0.194444
3 0.832292 0.578704 0.040625 0.072222
0 0.242188 0.599074 0.031250 0.077778
0 0.772917 0.651389 0.051042 0.147222
0 0.802083 0.821759 0.113542 0.354630
0 0.512240 0.848611 0.334896 0.300926
0 0.240104 0.919444 0.237500 0.161111
3 0.875000 0.525463 0.022917 0.036111
3 0.770052 0.544444 0.017188 0.044444
