1 0.715104 0.713889 0.057292 0.224074
1 0.653646 0.735185 0.085417 0.281481
1 0.872135 0.797685 0.242188 0.404630
1 0.410938 0.616204 0.029167 0.100926
1 0.450000 0.691204 0.070833 0.249074
3 0.851823 0.662963 0.072396 0.137037
0 0.661198 0.597222 0.017188 0.012963
0 0.716146 0.756481 0.053125 0.220370
0 0.654167 0.817130 0.092708 0.304630
0 0.831510 0.923148 0.327604 0.153704
0 0.408854 0.638426 0.053125 0.087963
0 0.458073 0.735185 0.070312 0.187037
2 0.457031 0.586111 0.021354 0.037037
2 0.671875 0.621296 0.032292 0.053704
3 0.708333 0.616204 0.018750 0.034259
2 0.406771 0.575926 0.011458 0.018519
