1 0.056250 0.470833 0.031250 0.100926
1 0.701042 0.649074 0.131250 0.570370
2 0.694792 0.418519 0.038542 0.114815
0 0.054427 0.489352 0.034896 0.069444
0 0.293229 0.430556 0.018750 0.038889
0 0.271354 0.434259 0.036458 0.048148
0 0.242708 0.442130 0.015625 0.043519
0 0.229167 0.422222 0.006250 0.018519
0 0.571094 0.382407 0.009896 0.029630
0 0.578906 0.369444 0.011979 0.020370
0 0.590625 0.359259 0.007292 0.025926
0 0.584896 0.367130 0.012500 0.025000
0 0.711719 0.354167 0.015104 0.026852
0 0.695052 0.360185 0.013021 0.020370
0 0.711719 0.764352 0.178646 0.463889
2 0.050781 0.431481 0.010937 0.018519
