1 0.668750 0.655556 0.031250 0.122222
1 0.609115 0.718056 0.060937 0.245370
1 0.655729 0.819444 0.103125 0.359259
1 0.856250 0.800463 0.133333 0.391667
1 0.427083 0.807407 0.102083 0.374074
1 0.071615 0.830093 0.142187 0.336111
3 0.076563 0.748148 0.094792 0.166667
3 0.436719 0.666667 0.039062 0.077778
2 0.831771 0.670833 0.070833 0.104630
0 0.667188 0.686574 0.044792 0.121296
0 0.604688 0.754167 0.043750 0.189815
0 0.650260 0.904167 0.110937 0.187963
0 0.767448 0.913426 0.113021 0.171296
0 0.384635 0.626852 0.036979 0.057407
0 0.364323 0.630093 0.035937 0.056481
0 0.348438 0.658796 0.055208 0.086111
0 0.434635 0.867593 0.226562 0.261111
0 0.173437 0.892130 0.211458 0.213889
2 0.617448 0.618519 0.025521 0.044444
2 0.669792 0.607407 0.014583 0.022222
3 0.643490 0.654630 0.021354 0.042593
3 0.656771 0.680556 0.023958 0.044444
2 0.425521 0.598148 0.009375 0.016667
