1 0.610938 0.678704 0.061458 0.194444
1 0.136198 0.788426 0.141146 0.423148
2 0.153646 0.637037 0.069792 0.12037
2 0.615365 0.599537 0.023438 0.041667
0 0.432292 0.627315 0.026042 0.056481
0 0.45651 0.639352 0.018229 0.084259
0 0.61276 0.740741 0.064062 0.207407
0 0.26224 0.611111 0.030729 0.040741
0 0.220833 0.600463 0.058333 0.086111
0 0.338021 0.647685 0.032292 0.117593
0 0.288281 0.65463 0.028646 0.109259
0 0.248177 0.665278 0.098437 0.123148
0 0.085156 0.600926 0.051562 0.094444
0 0.051823 0.753241 0.097396 0.230556
0 0.140104 0.878241 0.26875 0.239815
