1 0.29974 0.710648 0.148438 0.575
1 0.510156 0.581019 0.066146 0.419444
1 0.632812 0.601389 0.089583 0.419444
1 0.704427 0.698148 0.138021 0.603704
3 0.276042 0.503241 0.064583 0.156481
2 0.721094 0.4875 0.076563 0.184259
2 0.64349 0.448148 0.058854 0.118519
2 0.509115 0.421759 0.051562 0.086111
0 0.336198 0.430556 0.010937 0.037037
0 0.344531 0.428241 0.011979 0.039815
0 0.291406 0.87963 0.275521 0.240741
0 0.463021 0.468519 0.059375 0.109259
0 0.553646 0.379167 0.059375 0.071296
0 0.548177 0.411574 0.060937 0.076852
0 0.528646 0.655093 0.146875 0.326852
0 0.764583 0.799074 0.345833 0.4
0 0.945833 0.46713 0.108333 0.178704
