1 0.458073 0.431019 0.036979 0.102778
1 0.414062 0.429167 0.031250 0.089815
1 0.172917 0.485185 0.051042 0.168519
1 0.049740 0.656481 0.098437 0.442593
1 0.258854 0.729630 0.220833 0.540741
2 0.243490 0.546759 0.082812 0.173148
2 0.049740 0.481944 0.048438 0.095370
3 0.174740 0.418981 0.017188 0.032407
2 0.459115 0.393519 0.011979 0.024074
0 0.407552 0.384259 0.004687 0.012963
0 0.412760 0.383796 0.006771 0.010185
0 0.428906 0.440278 0.016146 0.056481
0 0.459635 0.467130 0.035937 0.100926
0 0.379948 0.389815 0.005729 0.020370
0 0.414583 0.462500 0.031250 0.076852
0 0.359115 0.389815 0.004687 0.011111
0 0.167969 0.414352 0.024479 0.071296
0 0.175000 0.534259 0.063542 0.148148
0 0.122396 0.421759 0.047917 0.060185
0 0.055990 0.419444 0.049479 0.059259
0 0.010937 0.431019 0.020833 0.052778
0 0.070833 0.800926 0.140625 0.396296
0 0.229948 0.900000 0.275521 0.198148
2 0.413021 0.394907 0.009375 0.023148
