1 0.751692 0.560185 0.036439 0.118519
1 0.250130 0.572685 0.039042 0.132407
1 0.232691 0.557407 0.046851 0.088889
1 0.335242 0.656019 0.076002 0.286111
1 0.130921 0.774074 0.206663 0.444444
2 0.120510 0.606944 0.070276 0.117593
2 0.333941 0.543981 0.031754 0.058333
0 0.754555 0.590741 0.048412 0.098148
0 0.854503 0.504167 0.006767 0.017593
0 0.861010 0.503704 0.006247 0.016667
0 0.875065 0.501852 0.011452 0.020370
0 0.396929 0.552315 0.006767 0.030556
0 0.388860 0.568981 0.013535 0.043519
0 0.420354 0.569907 0.033837 0.049074
0 0.337585 0.762500 0.082769 0.254630
0 0.132483 0.863426 0.263925 0.271296
0 0.266788 0.606944 0.047371 0.089815
1 0.421916 0.545833 0.029672 0.062037
2 0.420094 0.525000 0.012493 0.018519
2 0.756117 0.513426 0.015096 0.025000
2 0.244404 0.526852 0.020302 0.035185
2 0.226965 0.527315 0.016658 0.028704
