1 0.423698 0.484722 0.048438 0.165741
1 0.531250 0.483796 0.089583 0.163889
1 0.551562 0.577778 0.104167 0.350000
1 0.889323 0.726852 0.221354 0.546296
2 0.907031 0.635648 0.176563 0.365741
2 0.535156 0.437037 0.036979 0.081481
2 0.422656 0.418056 0.022396 0.052778
0 0.426823 0.532407 0.053646 0.138889
0 0.636979 0.380093 0.065625 0.076852
0 0.598698 0.422685 0.048438 0.065741
0 0.624479 0.418519 0.081250 0.100000
0 0.559896 0.443981 0.027083 0.056481
0 0.553646 0.666667 0.125000 0.344444
0 0.695052 0.972222 0.101562 0.055556
2 0.505990 0.437963 0.031771 0.070370
