1 0.066667 0.450463 0.030208 0.106481
1 0.669271 0.510648 0.075000 0.271296
1 0.470313 0.656944 0.075000 0.506481
1 0.418490 0.667130 0.130729 0.500926
3 0.424219 0.479167 0.048438 0.125000
3 0.464062 0.451389 0.029167 0.093519
0 0.070312 0.482870 0.034375 0.080556
0 0.580208 0.392130 0.007292 0.021296
0 0.804948 0.425000 0.052604 0.090741
0 0.814063 0.440741 0.018750 0.059259
0 0.830208 0.438426 0.026042 0.054630
0 0.666406 0.590741 0.093229 0.270370
0 0.388542 0.784259 0.212500 0.429630
2 0.666927 0.410185 0.025521 0.075926
2 0.065625 0.410185 0.014583 0.031481
