1 0.774219 0.558796 0.024479 0.089815
1 0.949219 0.571759 0.031771 0.119444
1 0.972917 0.581481 0.036458 0.135185
1 0.638802 0.741667 0.089063 0.474074
1 0.904167 0.753704 0.122917 0.492593
2 0.639323 0.543519 0.050521 0.077778
2 0.912240 0.553704 0.055729 0.092593
0 0.614323 0.582407 0.018229 0.053704
0 0.772656 0.579167 0.048438 0.080556
0 0.963802 0.612037 0.069271 0.111111
0 0.637760 0.805093 0.122396 0.389815
0 0.823177 0.719907 0.033854 0.034259
2 0.973177 0.528241 0.016146 0.030556
2 0.945312 0.526389 0.012500 0.023148
3 0.772135 0.526389 0.010937 0.021296
3 0.758073 0.525926 0.010937 0.018519
1 0.762500 0.558333 0.021875 0.079630
