1 0.947656 0.573611 0.084896 0.256481
1 0.898958 0.743519 0.202083 0.512963
2 0.889323 0.546296 0.060937 0.122222
2 0.93724 0.495833 0.051562 0.093519
0 0.459635 0.425463 0.003646 0.006481
0 0.497656 0.455556 0.014063 0.040741
0 0.661198 0.454167 0.006771 0.019444
0 0.759896 0.469444 0.016667 0.040741
0 0.86875 0.4875 0.023958 0.049074
0 0.651563 0.477778 0.023958 0.064815
0 0.448177 0.423611 0.002604 0.006481
0 0.453906 0.435185 0.006771 0.012963
0 0.459375 0.425 0.004167 0.007407
0 0.410417 0.438889 0.008333 0.025926
0 0.402344 0.468981 0.017188 0.052778
0 0.878125 0.887037 0.24375 0.225926
0 0.976302 0.813426 0.047396 0.123148
