1 0.411979 0.517593 0.042708 0.138889
1 0.610156 0.536574 0.070312 0.182407
1 0.685677 0.725926 0.241146 0.548148
1 0.466927 0.576389 0.078646 0.267593
2 0.657031 0.530556 0.057813 0.155556
2 0.613281 0.492130 0.036979 0.099074
2 0.455990 0.469907 0.034896 0.067593
0 0.412500 0.554630 0.041667 0.114815
0 0.541927 0.522685 0.058854 0.121296
0 0.598698 0.466204 0.050521 0.076852
0 0.639583 0.427315 0.063542 0.078704
0 0.690104 0.832870 0.234375 0.334259
0 0.465625 0.651852 0.090625 0.248148
3 0.411719 0.462963 0.013021 0.027778
