1 0.402604 0.450000 0.033333 0.103704
1 0.370833 0.436574 0.025000 0.091667
1 0.335677 0.441204 0.026562 0.087963
1 0.297917 0.472685 0.032292 0.125000
1 0.208594 0.550926 0.086979 0.281481
1 0.080208 0.704167 0.159375 0.519444
2 0.090365 0.499537 0.050521 0.108333
2 0.213021 0.442593 0.034375 0.075926
0 0.402344 0.485185 0.034896 0.094444
0 0.371354 0.458333 0.027083 0.070370
0 0.334115 0.458796 0.029687 0.084259
0 0.296875 0.501852 0.045833 0.118519
0 0.174479 0.442130 0.033333 0.095370
0 0.205469 0.650000 0.080729 0.229630
0 0.128125 0.442593 0.052083 0.070370
0 0.058594 0.441667 0.051562 0.061111
0 0.010677 0.454167 0.019271 0.052778
0 0.085156 0.839815 0.169271 0.318519
2 0.300260 0.424537 0.013021 0.025000
2 0.334115 0.406481 0.009896 0.020370
2 0.370833 0.402315 0.010417 0.019444
2 0.401823 0.410648 0.011979 0.025000
