1 0.502344 0.659259 0.035937 0.135185
1 0.483073 0.658796 0.033854 0.125000
1 0.447396 0.737500 0.051042 0.258333
1 0.394271 0.784722 0.060417 0.278704
1 0.354427 0.748611 0.049479 0.321296
1 0.238542 0.712037 0.133333 0.229630
1 0.226042 0.787500 0.127083 0.425000
2 0.245833 0.650463 0.081250 0.141667
2 0.362240 0.627315 0.038021 0.075000
0 0.455729 0.788426 0.082292 0.204630
0 0.379948 0.818056 0.119271 0.239815
0 0.154167 0.956481 0.037500 0.083333
0 0.342448 0.895833 0.143229 0.206481
2 0.600000 0.612037 0.020833 0.027778
2 0.684375 0.606019 0.020833 0.036111
3 0.652083 0.604630 0.021875 0.048148
3 0.495573 0.606019 0.018229 0.030556
3 0.539062 0.623611 0.017708 0.032407
3 0.457813 0.619907 0.018750 0.036111
3 0.479948 0.611111 0.015104 0.037037
2 0.204948 0.642130 0.026562 0.095370
