1 0.282813 0.731019 0.171875 0.537963
1 0.546354 0.641204 0.069792 0.462037
1 0.656771 0.662963 0.0875 0.45
1 0.725 0.721296 0.153125 0.557407
3 0.265365 0.539352 0.070312 0.163889
2 0.747396 0.53287 0.079167 0.187963
2 0.660417 0.493056 0.069792 0.119444
2 0.546875 0.465741 0.04375 0.092593
0 0.391667 0.469907 0.009375 0.039815
0 0.382812 0.468981 0.010417 0.037963
0 0.258594 0.943519 0.311979 0.112963
0 0.610417 0.422222 0.040625 0.075926
0 0.583854 0.426389 0.028125 0.041667
0 0.589583 0.456481 0.071875 0.083333
0 0.502604 0.516204 0.052083 0.099074
0 0.561979 0.717593 0.146875 0.346296
0 0.772135 0.837963 0.353646 0.324074
