1 0.625000 0.437500 0.050000 0.093519
1 0.626302 0.549537 0.079687 0.291667
1 0.220573 0.697222 0.141146 0.557407
1 0.149479 0.718519 0.136458 0.555556
2 0.127865 0.525000 0.072396 0.168519
2 0.180990 0.489352 0.049479 0.128704
2 0.619271 0.437037 0.030208 0.068519
0 0.569531 0.419907 0.011979 0.034259
0 0.532552 0.400926 0.003646 0.012963
0 0.535156 0.400463 0.003646 0.012037
0 0.538281 0.400926 0.003646 0.011111
0 0.545573 0.423148 0.008854 0.024074
0 0.553906 0.443056 0.021354 0.050926
0 0.794271 0.424537 0.038542 0.056481
0 0.942708 0.421759 0.040625 0.045370
0 0.963542 0.420833 0.034375 0.043519
0 0.988542 0.426852 0.022917 0.046296
0 0.632552 0.627315 0.088021 0.293519
0 0.608073 0.420833 0.011979 0.021296
0 0.633073 0.469907 0.039062 0.049074
0 0.632812 0.630556 0.088542 0.290741
0 0.123438 0.850463 0.245833 0.299074
2 0.624219 0.404167 0.020313 0.026852
