1 0.786979 0.597222 0.035417 0.157407
1 0.747396 0.656019 0.091667 0.275000
1 0.902344 0.759259 0.170313 0.479630
1 0.322396 0.757407 0.129167 0.479630
3 0.315365 0.561111 0.047396 0.077778
3 0.931510 0.565741 0.047396 0.090741
3 0.759635 0.539815 0.026562 0.044444
0 0.789062 0.616204 0.023958 0.117593
0 0.757812 0.745833 0.097917 0.239815
0 0.907031 0.850463 0.185938 0.297222
0 0.231250 0.622222 0.043750 0.122222
0 0.260417 0.630556 0.029167 0.070370
0 0.172917 0.580556 0.009375 0.046296
0 0.319271 0.836574 0.168750 0.325000
2 0.782552 0.536111 0.016146 0.035185
