1 0.249740 0.469444 0.039062 0.090741
1 0.102865 0.501852 0.048438 0.175926
1 0.758594 0.782870 0.124479 0.434259
3 0.765365 0.638889 0.067187 0.148148
2 0.101562 0.431019 0.017708 0.034259
0 0.136979 0.485648 0.037500 0.069444
0 0.211458 0.493519 0.033333 0.057407
0 0.251563 0.490278 0.064583 0.071296
0 0.385937 0.466667 0.019792 0.037037
0 0.428385 0.453241 0.033854 0.036111
0 0.457552 0.482870 0.025521 0.067593
0 0.383333 0.490278 0.035417 0.062037
0 0.319792 0.488426 0.054167 0.058333
0 0.280208 0.492593 0.028125 0.059259
0 0.536719 0.490741 0.024479 0.061111
0 0.675000 0.516204 0.040625 0.062037
0 0.523958 0.553241 0.047917 0.143519
0 0.033073 0.510185 0.035937 0.072222
0 0.019531 0.515741 0.038021 0.079630
0 0.006250 0.522685 0.011458 0.089815
0 0.093490 0.554167 0.082812 0.141667
0 0.777865 0.893056 0.441146 0.212037
0 0.398958 0.456019 0.017708 0.032407
2 0.243750 0.436574 0.010417 0.025000
