1 0.848958 0.756481 0.114583 0.487037
1 0.914583 0.759722 0.137500 0.480556
1 0.594792 0.585185 0.044792 0.142593
1 0.515885 0.594907 0.053646 0.160185
3 0.855990 0.565278 0.045312 0.108333
3 0.918490 0.584722 0.048438 0.113889
0 0.648958 0.545370 0.033333 0.070370
0 0.658073 0.551389 0.040104 0.063889
0 0.688021 0.534259 0.020833 0.033333
0 0.844271 0.856481 0.243750 0.287037
0 0.590885 0.631019 0.052604 0.115741
0 0.499479 0.536111 0.015625 0.037037
0 0.517708 0.640278 0.055208 0.152778
3 0.516406 0.530556 0.010937 0.031481
3 0.588542 0.532407 0.013542 0.027778
