1 0.460156 0.478241 0.024479 0.106481
1 0.045312 0.702315 0.086458 0.437963
1 0.201823 0.687963 0.277604 0.512963
2 0.212240 0.589815 0.073438 0.175926
2 0.037240 0.528241 0.047396 0.084259
0 0.430729 0.481944 0.012500 0.056481
0 0.456771 0.511574 0.030208 0.099074
0 0.415885 0.504167 0.028646 0.080556
0 0.058854 0.464815 0.047917 0.057407
0 0.123698 0.467130 0.046354 0.054630
0 0.013802 0.474074 0.022396 0.040741
0 0.169271 0.575463 0.053125 0.150926
0 0.064583 0.813426 0.127083 0.280556
0 0.195052 0.929167 0.292187 0.137963
3 0.174219 0.464352 0.017188 0.041667
2 0.459896 0.437500 0.012500 0.026852
