1 0.508850 0.618519 0.046330 0.192593
1 0.480219 0.641667 0.076523 0.224074
1 0.434930 0.599537 0.041124 0.152778
1 0.743363 0.615278 0.043727 0.189815
1 0.761843 0.631019 0.066111 0.197222
1 0.248568 0.775463 0.125455 0.449074
1 0.152525 0.786574 0.144716 0.426852
2 0.151484 0.630556 0.065591 0.111111
2 0.219157 0.601852 0.060385 0.114815
2 0.774857 0.547685 0.016137 0.039815
2 0.756117 0.543519 0.021343 0.042593
0 0.312077 0.691204 0.145237 0.269444
0 0.352681 0.659259 0.146278 0.262963
0 0.379230 0.644444 0.095263 0.137037
0 0.390161 0.611111 0.075482 0.142593
0 0.403175 0.593056 0.041124 0.076852
0 0.503904 0.636574 0.045809 0.163889
0 0.479958 0.695833 0.071838 0.228704
0 0.433108 0.628241 0.040604 0.128704
0 0.758459 0.684722 0.068714 0.193519
0 0.947423 0.648611 0.049974 0.115741
0 0.212650 0.856944 0.249349 0.282407
2 0.475534 0.549074 0.020302 0.040741
2 0.501041 0.537963 0.019261 0.031481
2 0.434149 0.540278 0.014576 0.026852
2 0.466684 0.525463 0.010932 0.015741
