1 0.767969 0.600000 0.039062 0.153704
1 0.714323 0.725000 0.068229 0.383333
1 0.656771 0.707870 0.072917 0.317593
1 0.566667 0.751389 0.085417 0.447222
1 0.496354 0.758796 0.115625 0.463889
1 0.255990 0.766204 0.103646 0.421296
3 0.365365 0.665278 0.082812 0.160185
3 0.277344 0.606481 0.048438 0.085185
3 0.514844 0.573148 0.043229 0.103704
3 0.552344 0.562963 0.033854 0.079630
3 0.676562 0.575926 0.041667 0.055556
3 0.702344 0.561574 0.019271 0.054630
1 0.367188 0.785185 0.175000 0.429630
0 0.292187 0.588889 0.045833 0.057407
0 0.777604 0.551389 0.015625 0.023148
0 0.765625 0.633333 0.060417 0.112963
0 0.694010 0.774537 0.141146 0.280556
0 0.532292 0.836111 0.176042 0.322222
0 0.209635 0.950926 0.159896 0.090741
0 0.386719 0.752778 0.023438 0.037037
3 0.761719 0.543056 0.014063 0.030556
