1 0.218636 0.601852 0.035398 0.175926
1 0.03748 0.6125 0.044768 0.173148
1 0.640292 0.6 0.03748 0.183333
1 0.806611 0.758333 0.106715 0.477778
3 0.818064 0.573611 0.048412 0.093519
3 0.042426 0.540741 0.019261 0.031481
3 0.219938 0.526389 0.013014 0.026852
3 0.635867 0.518056 0.013014 0.026852
0 0.488027 0.532407 0.019261 0.033333
0 0.579125 0.530093 0.006767 0.021296
0 0.653306 0.537037 0.01874 0.02037
0 0.623634 0.553241 0.019781 0.026852
0 0.630141 0.62037 0.104633 0.133333
0 0.188964 0.57037 0.026028 0.064815
0 0.221239 0.612963 0.090578 0.151852
0 0.052837 0.636111 0.103592 0.148148
0 0.822488 0.814352 0.355023 0.371296
0 0.938313 0.531019 0.00885 0.019444
