1 0.46849 0.480093 0.034896 0.123148
1 0.332031 0.737963 0.154688 0.524074
2 0.311719 0.543056 0.066146 0.141667
2 0.467187 0.433333 0.015625 0.031481
0 0.415104 0.460185 0.015625 0.035185
0 0.591667 0.450926 0.027083 0.042593
0 0.603125 0.452778 0.016667 0.046296
0 0.709115 0.494444 0.074479 0.074074
0 0.711458 0.508796 0.078125 0.084259
0 0.697396 0.549074 0.102083 0.124074
0 0.722396 0.537037 0.103125 0.17037
0 0.751823 0.565741 0.144271 0.164815
0 0.785417 0.577315 0.127083 0.226852
0 0.894792 0.693056 0.210417 0.286111
0 0.948958 0.85463 0.102083 0.290741
0 0.980729 0.901852 0.038542 0.196296
0 0.38099 0.467593 0.025521 0.083333
0 0.470313 0.518056 0.039583 0.10463
0 0.311198 0.836574 0.274479 0.325
