1 0.801302 0.617130 0.057813 0.156481
1 0.759375 0.642593 0.044792 0.181481
1 0.695573 0.637037 0.035937 0.137037
1 0.730208 0.644444 0.052083 0.190741
1 0.352344 0.780556 0.208854 0.435185
3 0.396094 0.622685 0.059896 0.128704
0 0.802344 0.647685 0.042188 0.143519
0 0.747917 0.698611 0.066667 0.167593
0 0.688542 0.671296 0.056250 0.148148
0 0.964583 0.839815 0.068750 0.288889
0 0.354687 0.875000 0.415625 0.250000
3 0.728125 0.568981 0.027083 0.039815
3 0.683333 0.583333 0.016667 0.027778
3 0.745833 0.565741 0.020833 0.035185
3 0.791406 0.555093 0.020313 0.030556
1 0.965365 0.683796 0.056771 0.382407
3 0.984635 0.535648 0.030729 0.073148
