1 0.183854 0.746296 0.115625 0.485185
3 0.18776 0.561574 0.053646 0.091667
0 0.610156 0.537963 0.024479 0.037037
0 0.578385 0.543981 0.024479 0.039815
0 0.596615 0.561574 0.019271 0.052778
0 0.704167 0.518981 0.007292 0.019444
0 0.743229 0.513426 0.005208 0.013889
0 0.75625 0.531944 0.014583 0.037963
0 0.832812 0.523611 0.022917 0.032407
0 0.905729 0.548611 0.036458 0.063889
0 0.927604 0.550463 0.052083 0.069444
0 0.972396 0.555556 0.054167 0.07037
0 0.976042 0.566204 0.047917 0.071296
0 0.988802 0.578241 0.022396 0.067593
0 0.563021 0.549074 0.020833 0.035185
0 0.303125 0.563889 0.051042 0.07037
0 0.053906 0.559259 0.041146 0.033333
0 0.216406 0.575 0.020313 0.031481
0 0.264583 0.643519 0.097917 0.205556
0 0.174219 0.850926 0.266146 0.296296
0 0.728125 0.514815 0.010417 0.016667
