1 0.602083 0.560185 0.038542 0.135185
1 0.741406 0.653241 0.047396 0.110185
1 0.807552 0.680556 0.061979 0.185185
1 0.503906 0.640278 0.031771 0.117593
1 0.471615 0.645833 0.038021 0.141667
1 0.472656 0.646296 0.052604 0.144444
1 0.447917 0.625463 0.032292 0.106481
1 0.396615 0.614352 0.031771 0.097222
1 0.427865 0.686574 0.056771 0.210185
1 0.311719 0.660648 0.052604 0.173148
1 0.340104 0.657407 0.046875 0.148148
1 0.364844 0.756481 0.116146 0.353704
1 0.140365 0.794907 0.215104 0.406481
2 0.141146 0.661111 0.077083 0.146296
2 0.376563 0.612037 0.028125 0.061111
2 0.347656 0.602778 0.026562 0.044444
2 0.422396 0.597685 0.018750 0.030556
2 0.479687 0.589815 0.016667 0.031481
0 0.311719 0.704167 0.022396 0.086111
0 0.425000 0.726389 0.055208 0.167593
0 0.327083 0.784722 0.057292 0.158333
0 0.372656 0.812963 0.110937 0.294444
0 0.472656 0.688426 0.052604 0.149074
0 0.498698 0.694907 0.016146 0.110185
0 0.514062 0.662500 0.025000 0.062037
0 0.763542 0.708796 0.013542 0.037963
0 0.803125 0.730093 0.054167 0.121296
0 0.197656 0.897222 0.115104 0.205556
2 0.742448 0.616667 0.020313 0.038889
2 0.815885 0.615741 0.027604 0.048148
2 0.663281 0.612037 0.020313 0.033333
2 0.636198 0.602778 0.020313 0.033333
2 0.602083 0.602778 0.017708 0.027778
3 0.537500 0.598148 0.014583 0.031481
3 0.524740 0.597222 0.013021 0.029630
3 0.503646 0.594907 0.011458 0.025000
2 0.571875 0.594444 0.012500 0.029630
