1 0.929464 0.600926 0.042166 0.124074
1 0.631963 0.642130 0.045809 0.232407
1 0.667621 0.667130 0.070276 0.306481
1 0.943779 0.798611 0.110359 0.399074
1 0.362832 0.670833 0.063509 0.287963
3 0.363613 0.554167 0.028631 0.043519
3 0.968246 0.665278 0.052056 0.119444
0 0.711348 0.560185 0.015096 0.040741
0 0.927121 0.635185 0.054138 0.081481
0 0.673607 0.750926 0.110359 0.296296
0 0.842530 0.861111 0.213951 0.274074
0 0.357626 0.768056 0.093701 0.267593
2 0.666580 0.543056 0.034878 0.058333
2 0.646278 0.547685 0.016137 0.041667
2 0.927382 0.552778 0.017179 0.025926
