1 0.476575 0.574074 0.029672 0.129630
1 0.238417 0.575926 0.035398 0.120370
1 0.166059 0.585648 0.034357 0.110185
1 0.150442 0.693981 0.097866 0.339815
1 0.090578 0.595370 0.047892 0.170370
1 0.086674 0.776852 0.172306 0.444444
2 0.039042 0.643056 0.069755 0.158333
2 0.143415 0.548611 0.036960 0.058333
2 0.959917 0.521759 0.022905 0.032407
1 0.954451 0.599537 0.049453 0.215741
0 0.474492 0.582870 0.025508 0.099074
0 0.173868 0.618981 0.034357 0.078704
0 0.145237 0.724537 0.124935 0.247222
0 0.079386 0.662037 0.078605 0.162963
0 0.110880 0.835648 0.170744 0.326852
2 0.244144 0.532407 0.024987 0.035185
2 0.086153 0.534259 0.026549 0.042593
2 0.009891 0.535648 0.018740 0.050926
2 0.471890 0.519444 0.014055 0.024074
