1 0.572917 0.555556 0.027083 0.092593
1 0.604167 0.556019 0.031250 0.087963
1 0.646094 0.633796 0.054688 0.223148
1 0.781250 0.632407 0.053125 0.238889
1 0.819792 0.760648 0.108333 0.478704
2 0.649740 0.545370 0.020313 0.048148
3 0.819792 0.573148 0.041667 0.100000
2 0.788542 0.539815 0.020833 0.059259
0 0.712240 0.548611 0.021354 0.067593
0 0.693750 0.576389 0.021875 0.073148
0 0.729427 0.594907 0.028646 0.078704
0 0.570312 0.570833 0.017708 0.065741
0 0.605990 0.582870 0.029687 0.075000
0 0.465365 0.598148 0.051562 0.111111
0 0.332552 0.713426 0.113021 0.273148
0 0.262500 0.746296 0.107292 0.348148
0 0.651563 0.707407 0.079167 0.257407
0 0.765104 0.687963 0.036458 0.162963
0 0.976823 0.649537 0.043229 0.137963
0 0.831510 0.878241 0.200521 0.236111
2 0.609115 0.518981 0.006771 0.012037
2 0.602865 0.519907 0.006771 0.015741
2 0.574740 0.517593 0.009896 0.016667
