1 0.093181 0.778704 0.184279 0.438889
1 0.250911 0.597685 0.048933 0.141667
1 0.190786 0.675926 0.080687 0.285185
1 0.164498 0.599537 0.031234 0.137963
1 0.112702 0.606481 0.051536 0.161111
1 0.080687 0.650926 0.071838 0.238889
1 0.467725 0.579167 0.026549 0.123148
2 0.034097 0.632407 0.062988 0.148148
2 0.190786 0.555093 0.023425 0.045370
2 0.869079 0.532870 0.020302 0.032407
1 0.869599 0.543981 0.042166 0.063889
0 0.244404 0.686574 0.043207 0.145370
0 0.175429 0.660185 0.078084 0.157407
0 0.187663 0.715278 0.090057 0.178704
0 0.107756 0.647685 0.079125 0.137963
0 0.080167 0.714815 0.091619 0.201852
0 0.123634 0.862963 0.246226 0.272222
0 0.470849 0.579630 0.015096 0.064815
2 0.253774 0.546759 0.025508 0.043519
2 0.106455 0.544907 0.021343 0.036111
2 0.060385 0.555556 0.027069 0.048148
2 0.173868 0.551389 0.018740 0.037963
2 0.462259 0.529167 0.012493 0.023148
2 0.016658 0.555093 0.032275 0.028704
