1 0.269792 0.582407 0.037500 0.129630
1 0.431771 0.653241 0.069792 0.275000
1 0.851042 0.646296 0.053125 0.266667
1 0.793490 0.708333 0.086979 0.427778
3 0.801042 0.542593 0.041667 0.083333
2 0.427344 0.537037 0.028646 0.044444
2 0.847917 0.549537 0.033333 0.071296
0 0.349740 0.562037 0.022396 0.061111
0 0.278125 0.611111 0.054167 0.118519
0 0.033073 0.712500 0.065104 0.134259
0 0.101562 0.622222 0.027083 0.048148
0 0.313021 0.571296 0.030208 0.075926
0 0.440104 0.729630 0.086458 0.229630
0 0.549479 0.537500 0.008333 0.019444
0 0.584896 0.541204 0.015625 0.021296
0 0.885677 0.762037 0.092188 0.311111
0 0.811458 0.845833 0.181250 0.306481
1 0.037240 0.634259 0.072396 0.200000
3 0.030469 0.575926 0.032813 0.074074
3 0.276302 0.529630 0.011979 0.020370
