1 0.489844 0.484722 0.071354 0.273148
1 0.799219 0.493056 0.076563 0.239815
1 0.210938 0.697685 0.086458 0.330556
1 0.119792 0.635648 0.079167 0.410185
1 0.049479 0.662963 0.073958 0.429630
1 0.038021 0.748148 0.075000 0.500000
2 0.030208 0.643056 0.055208 0.243519
2 0.124740 0.494907 0.060937 0.119444
2 0.059115 0.504630 0.065104 0.105556
2 0.485938 0.366204 0.023958 0.045370
2 0.811198 0.391667 0.018229 0.031481
0 0.667188 0.413426 0.034375 0.080556
0 0.473438 0.515278 0.135417 0.204630
0 0.802604 0.520833 0.087500 0.215741
0 0.151302 0.634259 0.049479 0.155556
0 0.188281 0.802778 0.292187 0.390741
0 0.206250 0.915741 0.237500 0.168519
3 0.213542 0.577778 0.045833 0.088889
2 0.036719 0.453241 0.046354 0.056481
