1 0.658333 0.605556 0.031250 0.090741
1 0.477083 0.628704 0.039583 0.125926
1 0.407813 0.643519 0.037500 0.142593
1 0.438542 0.748148 0.110417 0.312963
1 0.191406 0.792593 0.100521 0.403704
1 0.095833 0.775463 0.157292 0.445370
2 0.113021 0.639815 0.082292 0.148148
2 0.195312 0.667130 0.060417 0.128704
2 0.440885 0.615278 0.032813 0.073148
2 0.414323 0.593056 0.021354 0.043519
2 0.480208 0.581019 0.021875 0.030556
2 0.661719 0.569444 0.011979 0.022222
0 0.485677 0.670370 0.044271 0.122222
0 0.435417 0.875463 0.118750 0.241667
0 0.264323 0.890278 0.111979 0.217593
2 0.578125 0.569444 0.014583 0.022222
2 0.617708 0.571296 0.013542 0.022222
