1 0.179594 0.762037 0.079125 0.475926
1 0.11999 0.743519 0.135867 0.512963
2 0.119209 0.554167 0.06455 0.110185
2 0.174649 0.587963 0.044248 0.096296
0 0.429464 0.508333 0.005206 0.012963
0 0.420614 0.513426 0.008329 0.017593
0 0.293337 0.518519 0.017179 0.033333
0 0.195731 0.525926 0.010411 0.025926
0 0.029932 0.585648 0.058824 0.117593
0 0.57418 0.535648 0.016658 0.036111
0 0.551796 0.52963 0.007288 0.016667
0 0.589537 0.550926 0.022384 0.057407
0 0.931546 0.561111 0.031754 0.051852
0 0.85216 0.61713 0.027069 0.075
0 0.985424 0.579167 0.029151 0.049074
0 0.15721 0.834259 0.200937 0.331481
