1 0.593181 0.643056 0.072358 0.241667
1 0.072879 0.765741 0.144716 0.468519
2 0.074701 0.632407 0.096304 0.159259
0 0.249349 0.659722 0.079125 0.215741
0 0.188444 0.911111 0.178032 0.177778
0 0.286569 0.627778 0.091098 0.142593
0 0.293337 0.579167 0.054659 0.065741
0 0.330557 0.611574 0.066632 0.091667
0 0.367777 0.585185 0.040083 0.077778
0 0.400052 0.552315 0.036960 0.054630
0 0.589276 0.675000 0.066632 0.179630
0 0.551015 0.545370 0.018220 0.031481
0 0.499479 0.531481 0.008850 0.029630
0 0.475013 0.535648 0.008850 0.028704
0 0.468506 0.516667 0.009370 0.016667
0 0.459396 0.517130 0.003644 0.012037
0 0.424779 0.539352 0.020822 0.032407
0 0.440396 0.533333 0.005206 0.027778
2 0.585112 0.541204 0.017699 0.043519
