1 0.820573 0.489352 0.069271 0.243519
1 0.569010 0.443056 0.056771 0.163889
1 0.499740 0.478704 0.067187 0.272222
1 0.234115 0.689352 0.092188 0.326852
1 0.052865 0.462500 0.043229 0.089815
1 0.150000 0.636111 0.079167 0.433333
1 0.115885 0.681481 0.146354 0.475926
1 0.094271 0.746759 0.187500 0.506481
2 0.066406 0.630093 0.130729 0.258333
2 0.151042 0.494444 0.060417 0.120370
2 0.085938 0.480556 0.062500 0.081481
2 0.492188 0.362037 0.022917 0.044444
2 0.051042 0.437037 0.031250 0.040741
2 0.815365 0.385185 0.021354 0.038889
0 0.842448 0.410185 0.047396 0.057407
0 0.815365 0.518981 0.085938 0.217593
0 0.573438 0.485648 0.093750 0.171296
0 0.488281 0.521759 0.147396 0.202778
0 0.286458 0.730556 0.151042 0.366667
0 0.172917 0.644444 0.060417 0.194444
0 0.285156 0.916667 0.217188 0.162963
2 0.561458 0.376389 0.019792 0.030556
3 0.237240 0.576852 0.047396 0.098148
