1 0.388542 0.588889 0.029167 0.148148
1 0.347917 0.606019 0.048958 0.171296
1 0.284115 0.635185 0.070312 0.231481
1 0.226042 0.714352 0.101042 0.312037
1 0.681250 0.691204 0.076042 0.286111
1 0.045833 0.769907 0.089583 0.454630
2 0.030990 0.618519 0.060937 0.142593
2 0.231510 0.587037 0.031771 0.053704
2 0.281771 0.542593 0.026042 0.042593
3 0.680469 0.576852 0.029687 0.055556
0 0.327604 0.531944 0.019792 0.017593
0 0.345052 0.536111 0.021354 0.020370
0 0.389062 0.611574 0.029167 0.119444
0 0.411198 0.572685 0.015104 0.049074
0 0.355990 0.664815 0.044271 0.116667
0 0.285677 0.702315 0.076563 0.219444
0 0.211198 0.834722 0.129688 0.317593
0 0.442188 0.560648 0.017708 0.017593
0 0.523958 0.556944 0.023958 0.025000
0 0.685156 0.774074 0.102604 0.325926
0 0.088802 0.849074 0.176563 0.298148
2 0.362760 0.534259 0.017188 0.029630
2 0.389062 0.530556 0.015625 0.027778
2 0.499219 0.542130 0.018229 0.028704
2 0.458854 0.534722 0.016667 0.026852
2 0.520312 0.530093 0.011458 0.023148
