1 0.639323 0.763426 0.116146 0.473148
1 0.43099 0.77037 0.133854 0.451852
2 0.423438 0.581481 0.039583 0.081481
2 0.639844 0.577778 0.051562 0.1
0 0.446615 0.564352 0.015104 0.026852
0 0.457552 0.561574 0.004687 0.025
0 0.511198 0.56713 0.009896 0.032407
0 0.839583 0.588426 0.01875 0.043519
0 0.85 0.593981 0.026042 0.052778
0 0.882031 0.564815 0.055729 0.068519
0 0.827865 0.568056 0.014063 0.023148
0 0.908854 0.568981 0.038542 0.071296
0 0.880208 0.6 0.0375 0.066667
0 0.894792 0.598148 0.032292 0.062963
0 0.635156 0.826389 0.150521 0.341667
0 0.421615 0.83287 0.193229 0.332407
0 0.89974 0.866667 0.091146 0.137037
