1 0.673438 0.668056 0.059375 0.182407
1 0.746094 0.778704 0.113021 0.440741
1 0.073438 0.667130 0.069792 0.169444
1 0.032813 0.675926 0.063542 0.229630
1 0.161458 0.777778 0.112500 0.438889
2 0.734635 0.610648 0.056771 0.093519
2 0.170313 0.616204 0.053125 0.104630
2 0.679948 0.596296 0.022396 0.035185
0 0.669271 0.701852 0.064583 0.159259
0 0.740625 0.854630 0.227083 0.287037
0 0.063802 0.822222 0.126562 0.355556
0 0.156771 0.844444 0.232292 0.307407
3 0.064323 0.613426 0.026562 0.058333
3 0.024740 0.594444 0.025521 0.051852
