1 0.669792 0.781019 0.131250 0.437963
1 0.140104 0.666667 0.072917 0.292593
1 0.322917 0.627315 0.036458 0.187963
1 0.287240 0.635185 0.066146 0.212963
3 0.643490 0.622685 0.052604 0.106481
2 0.143490 0.543519 0.023438 0.037037
3 0.299740 0.549537 0.014063 0.030556
0 0.368750 0.576389 0.019792 0.058333
0 0.703646 0.915741 0.421875 0.168519
0 0.234375 0.607870 0.030208 0.084259
0 0.137500 0.731019 0.081250 0.219444
0 0.186198 0.681481 0.078646 0.140741
0 0.234375 0.676389 0.062500 0.121296
0 0.023958 0.769444 0.046875 0.166667
0 0.313802 0.686111 0.075521 0.150000
0 0.336458 0.611111 0.026042 0.051852
3 0.330208 0.546759 0.010417 0.025000
2 0.318229 0.552778 0.014583 0.038889
