1 0.632812 0.594444 0.046875 0.159259
1 0.935417 0.590741 0.030208 0.092593
1 0.967708 0.588889 0.059375 0.105556
1 0.058073 0.780093 0.115104 0.439815
2 0.054167 0.632870 0.080208 0.128704
3 0.636198 0.528241 0.013021 0.026852
0 0.419010 0.528241 0.019271 0.039815
0 0.432552 0.532870 0.015104 0.032407
0 0.449740 0.524074 0.008854 0.025926
0 0.469010 0.527315 0.009896 0.028704
0 0.618229 0.535648 0.014583 0.023148
0 0.637500 0.637037 0.062500 0.168519
0 0.759115 0.562500 0.028646 0.045370
0 0.789062 0.555556 0.023958 0.044444
0 0.810417 0.559722 0.035417 0.043519
0 0.916406 0.552315 0.023438 0.047222
0 0.966406 0.612500 0.067187 0.058333
0 0.111719 0.855556 0.222396 0.288889
2 0.959896 0.548148 0.016667 0.027778
3 0.944792 0.554630 0.010417 0.020370
