1 0.340104 0.655093 0.064583 0.228704
1 0.239844 0.638889 0.042188 0.161111
1 0.061458 0.800463 0.121875 0.399074
1 0.956771 0.628704 0.034375 0.190741
1 0.967448 0.638426 0.034896 0.154630
1 0.418229 0.593519 0.031250 0.112963
0 0.366927 0.621296 0.033854 0.096296
0 0.341927 0.720370 0.066146 0.194444
0 0.233073 0.691204 0.061979 0.160185
0 0.192969 0.586574 0.043229 0.049074
0 0.096354 0.586111 0.041667 0.051852
0 0.164323 0.897222 0.136979 0.200000
0 0.955469 0.658796 0.084896 0.158333
0 0.424479 0.620370 0.025000 0.098148
3 0.950260 0.552778 0.019271 0.046296
3 0.240104 0.574537 0.015625 0.036111
3 0.340104 0.561574 0.018750 0.043519
3 0.042969 0.673148 0.067187 0.140741
2 0.362760 0.551389 0.014063 0.026852
3 0.422396 0.552315 0.011458 0.021296
