1 0.452865 0.562037 0.035937 0.114815
1 0.513542 0.556944 0.023958 0.113889
1 0.500000 0.588426 0.043750 0.162037
1 0.944792 0.777315 0.110417 0.445370
1 0.559115 0.638426 0.078646 0.232407
2 0.952865 0.627778 0.073438 0.135185
2 0.566406 0.543519 0.025521 0.048148
2 0.501042 0.523148 0.014583 0.024074
0 0.413281 0.557870 0.015104 0.056481
0 0.439323 0.554167 0.014063 0.052778
0 0.452083 0.590741 0.036458 0.100000
0 0.518229 0.589352 0.021875 0.082407
0 0.502083 0.639352 0.043750 0.143519
0 0.873437 0.605556 0.030208 0.062963
0 0.886719 0.856481 0.226562 0.287037
0 0.566406 0.701852 0.105729 0.253704
2 0.454427 0.517130 0.011979 0.025000
2 0.508854 0.512963 0.010417 0.022222
