1 0.120573 0.751389 0.193229 0.497222
3 0.157812 0.593519 0.070833 0.175926
0 0.835417 0.389352 0.029167 0.056481
0 0.892708 0.378704 0.01875 0.031481
0 0.933073 0.430556 0.088021 0.148148
0 0.919531 0.438889 0.099479 0.137037
0 0.906771 0.47037 0.117708 0.196296
0 0.881771 0.469444 0.1 0.211111
0 0.860938 0.500463 0.110417 0.247222
0 0.846094 0.496759 0.139063 0.252778
0 0.823698 0.512963 0.122396 0.262963
0 0.786198 0.540278 0.116146 0.289815
0 0.760677 0.535185 0.172396 0.285185
0 0.708854 0.560648 0.214583 0.313889
0 0.654687 0.624074 0.244792 0.403704
0 0.53151 0.721759 0.295312 0.510185
0 0.466667 0.722685 0.357292 0.55463
0 0.266667 0.758796 0.213542 0.482407
0 0.016667 0.930093 0.032292 0.136111
0 0.735938 0.356481 0.021875 0.074074
