1 0.637240 0.763426 0.114062 0.473148
1 0.412760 0.753241 0.100521 0.425000
2 0.421615 0.583796 0.046354 0.089815
2 0.637760 0.580556 0.050521 0.098148
0 0.730729 0.580093 0.010417 0.036111
0 0.740885 0.577778 0.010937 0.042593
0 0.976042 0.611111 0.036458 0.061111
0 0.990625 0.606944 0.017708 0.078704
0 0.928385 0.860648 0.122396 0.136111
0 0.635938 0.829630 0.154167 0.335185
0 0.412240 0.833333 0.196354 0.333333
0 0.465365 0.574537 0.024479 0.054630
0 0.446354 0.565741 0.014583 0.029630
0 0.224740 0.573148 0.025521 0.051852
0 0.142708 0.578241 0.076042 0.069444
