1 0.070833 0.702778 0.127083 0.588889
2 0.085938 0.495833 0.082292 0.136111
0 0.946094 0.381019 0.007812 0.012037
0 0.804688 0.362500 0.020833 0.034259
0 0.800521 0.380093 0.031250 0.080556
0 0.689844 0.393981 0.029687 0.089815
0 0.671875 0.404167 0.039583 0.097222
0 0.651042 0.358333 0.032292 0.040741
0 0.580469 0.362963 0.049479 0.077778
0 0.628906 0.363426 0.033854 0.037963
0 0.600781 0.407870 0.055729 0.113889
0 0.639844 0.421296 0.061979 0.112963
0 0.036719 0.421296 0.072396 0.203704
0 0.418750 0.421759 0.077083 0.160185
0 0.463281 0.451389 0.101562 0.162037
0 0.176302 0.821296 0.351562 0.355556
