1 0.945312 0.527778 0.026042 0.107407
1 0.951562 0.630093 0.093750 0.312037
1 0.807292 0.739815 0.118750 0.512963
2 0.814063 0.537963 0.058333 0.116667
0 0.539062 0.417130 0.003125 0.008333
0 0.138281 0.506019 0.064062 0.176852
0 0.060417 0.514815 0.096875 0.153704
0 0.007812 0.557407 0.014583 0.129630
0 0.938281 0.554630 0.038021 0.092593
0 0.947917 0.681944 0.104167 0.256481
0 0.984635 0.811111 0.029687 0.177778
0 0.811198 0.850463 0.375521 0.295370
3 0.991146 0.517130 0.017708 0.065741
2 0.950781 0.487500 0.009896 0.026852
2 0.935677 0.487500 0.010937 0.025000
1 0.931510 0.530556 0.020313 0.111111
