1 0.810417 0.474074 0.058333 0.242593
1 0.116667 0.639815 0.160417 0.425926
1 0.142187 0.616204 0.090625 0.415741
1 0.229167 0.665278 0.088542 0.295370
1 0.063021 0.732407 0.125000 0.529630
2 0.060417 0.582870 0.110417 0.247222
2 0.139583 0.484259 0.056250 0.125926
2 0.065365 0.444444 0.047396 0.051852
2 0.492188 0.362037 0.017708 0.040741
2 0.808073 0.379630 0.022396 0.038889
1 0.493490 0.451389 0.060937 0.197222
0 0.651823 0.388426 0.029687 0.047222
0 0.805208 0.502315 0.085417 0.206481
0 0.477865 0.503241 0.135937 0.204630
0 0.289062 0.742593 0.121875 0.309259
0 0.267448 0.894907 0.232813 0.202778
3 0.229948 0.560648 0.045312 0.087963
