1 0.817022 0.633796 0.032795 0.154630
1 0.368298 0.746759 0.066111 0.328704
1 0.318064 0.669444 0.047892 0.205556
1 0.293857 0.731481 0.062988 0.294444
1 0.134826 0.709722 0.084331 0.256481
1 0.176731 0.662963 0.077564 0.205556
1 0.023165 0.647685 0.045289 0.182407
1 0.067673 0.799074 0.134305 0.401852
2 0.067413 0.672222 0.072358 0.155556
2 0.289693 0.606019 0.029672 0.054630
2 0.370120 0.610648 0.031234 0.056481
2 0.022905 0.579167 0.026028 0.047222
2 0.071057 0.577315 0.024466 0.036111
1 0.068454 0.651852 0.052577 0.203704
0 0.821187 0.676389 0.059865 0.173148
0 0.195731 0.685648 0.068714 0.145370
0 0.139511 0.754167 0.090578 0.165741
0 0.014055 0.745833 0.027069 0.045370
0 0.193649 0.887037 0.130141 0.224074
0 0.301406 0.802778 0.110359 0.331481
0 0.378188 0.848611 0.133784 0.300926
2 0.164498 0.577315 0.027069 0.050926
2 0.817543 0.570370 0.018220 0.040741
2 0.314420 0.604167 0.035398 0.073148
2 0.120770 0.608333 0.030193 0.059259
2 0.094482 0.585185 0.021343 0.046296
