1 0.962240 0.608796 0.060937 0.163889
1 0.046615 0.766204 0.092188 0.467593
2 0.044010 0.614815 0.077604 0.155556
0 0.315885 0.522222 0.007812 0.012963
0 0.302865 0.530556 0.007812 0.022222
0 0.253125 0.526389 0.011458 0.017593
0 0.440885 0.552778 0.005729 0.014815
0 0.361719 0.554630 0.019271 0.051852
0 0.540625 0.534259 0.007292 0.016667
0 0.635677 0.540278 0.007812 0.012037
0 0.629427 0.555093 0.014063 0.037963
0 0.647656 0.566204 0.023438 0.050926
0 0.067448 0.665278 0.048438 0.125000
0 0.956771 0.674074 0.082292 0.146296
0 0.098958 0.858333 0.196875 0.275926
2 0.954167 0.550000 0.019792 0.042593
