1 0.142448 0.587037 0.035937 0.157407
1 0.64349 0.628241 0.048438 0.226852
1 0.035417 0.651852 0.053125 0.214815
1 0.088542 0.786111 0.092708 0.407407
1 0.378385 0.589815 0.033854 0.140741
2 0.085417 0.634259 0.065625 0.101852
2 0.03724 0.578704 0.039062 0.057407
2 0.140365 0.531481 0.015104 0.027778
2 0.379688 0.535185 0.01875 0.031481
2 0.635417 0.542593 0.028125 0.051852
0 0.268229 0.57037 0.030208 0.038889
0 0.148177 0.616667 0.072396 0.137037
0 0.622917 0.664815 0.151042 0.188889
0 0.1 0.588426 0.007292 0.015741
0 0.104948 0.847222 0.208854 0.301852
0 0.36901 0.637037 0.100521 0.15
