1 0.587240 0.505556 0.086979 0.262963
1 0.523438 0.687037 0.185417 0.622222
1 0.121615 0.709722 0.118229 0.576852
2 0.519792 0.443519 0.063542 0.135185
2 0.578125 0.414352 0.040625 0.084259
2 0.110417 0.505556 0.067708 0.140741
0 0.620313 0.401389 0.029167 0.034259
0 0.389583 0.401389 0.017708 0.045370
0 0.396354 0.443056 0.030208 0.065741
0 0.382292 0.445833 0.032292 0.076852
0 0.359896 0.455556 0.043750 0.081481
0 0.659375 0.418981 0.045833 0.056481
0 0.668750 0.429630 0.042708 0.066667
0 0.684115 0.433796 0.053646 0.082407
0 0.689583 0.436574 0.048958 0.093519
0 0.727344 0.446759 0.100521 0.106481
0 0.727865 0.485185 0.104688 0.112963
0 0.759115 0.487037 0.094271 0.140741
0 0.770833 0.493981 0.106250 0.167593
0 0.813542 0.512963 0.128125 0.188889
0 0.839583 0.525926 0.128125 0.196296
0 0.853646 0.529167 0.150000 0.180556
0 0.871094 0.571759 0.193229 0.265741
0 0.923177 0.644907 0.151562 0.228704
0 0.916667 0.760185 0.162500 0.292593
0 0.612760 0.692130 0.064062 0.328704
0 0.519271 0.791667 0.219792 0.412963
0 0.031771 0.637037 0.061458 0.105556
0 0.138021 0.835185 0.273958 0.322222
