1 0.409115 0.559722 0.034896 0.099074
1 0.377865 0.581481 0.032813 0.133333
1 0.358594 0.611574 0.052604 0.184259
1 0.344792 0.577778 0.048958 0.125926
1 0.255990 0.600000 0.059896 0.181481
1 0.654948 0.617130 0.061979 0.171296
1 0.807292 0.608333 0.058333 0.138889
1 0.294531 0.643981 0.093229 0.258333
1 0.757812 0.784259 0.129167 0.431481
2 0.740365 0.631481 0.081771 0.144444
2 0.303646 0.545370 0.040625 0.068519
0 0.345833 0.670833 0.040625 0.112037
0 0.252344 0.653241 0.053646 0.187963
0 0.661979 0.670370 0.092708 0.164815
0 0.813802 0.652778 0.072396 0.131481
0 0.295833 0.790278 0.112500 0.345370
0 0.765625 0.872685 0.329167 0.250926
2 0.664323 0.550000 0.025521 0.038889
2 0.816406 0.557407 0.023438 0.033333
2 0.258594 0.525926 0.024479 0.035185
2 0.411979 0.524074 0.015625 0.025926
2 0.373177 0.526389 0.010937 0.021296
2 0.354427 0.527315 0.014063 0.026852
2 0.341146 0.532407 0.014583 0.031481
2 0.490365 0.526389 0.011979 0.023148
2 0.530990 0.534722 0.015104 0.025000
2 0.515104 0.519444 0.009375 0.016667
1 0.532292 0.548611 0.020833 0.050926
1 0.489583 0.536111 0.021875 0.040741
1 0.510156 0.534722 0.023438 0.049074
