1 0.046851 0.575463 0.042686 0.141667
1 0.161635 0.593519 0.038001 0.124074
1 0.143155 0.599074 0.046851 0.129630
1 0.263665 0.582407 0.028631 0.133333
1 0.194430 0.625926 0.036960 0.192593
2 0.153306 0.546759 0.018220 0.026852
2 0.194170 0.543519 0.017699 0.025926
0 0.043727 0.613426 0.061426 0.113889
0 0.153826 0.642593 0.056741 0.127778
0 0.273295 0.637963 0.032275 0.094444
0 0.195211 0.649074 0.071838 0.155556
0 0.026549 0.718981 0.052056 0.212037
0 0.586153 0.572685 0.017699 0.058333
2 0.268350 0.530093 0.009891 0.028704
2 0.139771 0.545833 0.013014 0.025000
2 0.043727 0.524074 0.015617 0.035185
