1 0.059896 0.585648 0.088542 0.336111
1 0.090365 0.651852 0.170313 0.414815
1 0.128906 0.640741 0.096354 0.420370
1 0.209896 0.694907 0.086458 0.317593
1 0.046094 0.747685 0.091146 0.504630
1 0.808594 0.493519 0.059896 0.250000
1 0.489063 0.482870 0.071875 0.276852
2 0.033594 0.617130 0.057813 0.241667
2 0.122396 0.499537 0.056250 0.130556
2 0.044531 0.507870 0.065104 0.123148
2 0.482812 0.369444 0.022917 0.040741
2 0.807292 0.390741 0.023958 0.037037
0 0.149479 0.648148 0.056250 0.175926
0 0.277083 0.780093 0.110417 0.358333
0 0.214844 0.912963 0.201563 0.170370
0 0.802865 0.522685 0.080729 0.221296
0 0.472135 0.519907 0.138021 0.204630
3 0.212760 0.584259 0.042188 0.092593
2 0.041667 0.448611 0.051042 0.056481
