1 0.267188 0.519907 0.048958 0.139815
1 0.219792 0.525463 0.041667 0.137963
1 0.689844 0.531944 0.042188 0.195370
1 0.716667 0.557407 0.060417 0.242593
1 0.733073 0.684722 0.099479 0.491667
2 0.749740 0.491204 0.039062 0.097222
2 0.720573 0.470370 0.022396 0.061111
2 0.696615 0.456944 0.017188 0.034259
0 0.074740 0.548611 0.069271 0.100926
0 0.319010 0.500463 0.020313 0.032407
0 0.326302 0.498148 0.034896 0.044444
0 0.215104 0.556944 0.062500 0.121296
0 0.264844 0.549537 0.065104 0.136111
0 0.441406 0.457407 0.016146 0.009259
0 0.586198 0.460185 0.015104 0.035185
0 0.791406 0.435185 0.024479 0.035185
0 0.794271 0.452315 0.030208 0.036111
0 0.979948 0.569907 0.040104 0.182407
0 0.690104 0.575926 0.038542 0.153704
0 0.759635 0.789815 0.188021 0.414815
2 0.212240 0.473148 0.015104 0.031481
2 0.260677 0.464352 0.014063 0.026852
