1 0.476042 0.653704 0.043750 0.162963
1 0.376563 0.695370 0.054167 0.244444
1 0.433594 0.784722 0.123438 0.419444
1 0.083854 0.800000 0.111458 0.398148
1 0.039844 0.782407 0.078646 0.425926
2 0.034115 0.655556 0.065104 0.155556
2 0.439063 0.615741 0.038542 0.074074
2 0.101042 0.679630 0.042708 0.133333
2 0.394271 0.596296 0.020833 0.051852
2 0.592969 0.574537 0.013021 0.021296
2 0.654167 0.576852 0.011458 0.022222
2 0.476823 0.587500 0.016146 0.032407
1 0.651302 0.645833 0.035937 0.137963
0 0.375260 0.785185 0.044271 0.237037
0 0.430729 0.845370 0.155208 0.309259
0 0.196615 0.920833 0.105729 0.156481
0 0.484115 0.672685 0.038021 0.113889
0 0.483333 0.606481 0.017708 0.012963
