1 0.051042 0.548611 0.035417 0.093519
1 0.600000 0.622685 0.051042 0.206481
1 0.539583 0.702315 0.075000 0.349074
1 0.697135 0.754630 0.117188 0.475926
2 0.688542 0.566204 0.057292 0.097222
2 0.178646 0.512963 0.015625 0.031481
2 0.537240 0.560185 0.034896 0.070370
1 0.167969 0.580093 0.047396 0.158333
0 0.602604 0.696759 0.055208 0.208333
0 0.531250 0.753241 0.103125 0.299074
0 0.705469 0.859259 0.207813 0.281481
2 0.303646 0.525000 0.019792 0.027778
2 0.254427 0.513889 0.015104 0.029630
2 0.596875 0.548148 0.033333 0.059259
