1 0.418490 0.595833 0.028646 0.113889
1 0.147396 0.643056 0.050000 0.223148
1 0.095573 0.777315 0.105729 0.445370
2 0.105990 0.599074 0.053646 0.096296
3 0.145313 0.554630 0.023958 0.044444
0 0.479427 0.539352 0.008854 0.021296
0 0.890625 0.589815 0.037500 0.055556
0 0.418229 0.609722 0.020833 0.082407
0 0.244531 0.525926 0.040104 0.053704
0 0.257031 0.543981 0.035937 0.050926
0 0.273177 0.522685 0.013021 0.036111
0 0.166927 0.685185 0.081771 0.150000
0 0.114323 0.852778 0.226562 0.294444
0 0.456771 0.542130 0.008333 0.015741
3 0.420833 0.547222 0.012500 0.020370
