1 0.055469 0.658333 0.079687 0.266667
1 0.060937 0.785648 0.120833 0.428704
1 0.567187 0.568981 0.031250 0.093519
1 0.627865 0.621759 0.036979 0.212037
1 0.654687 0.637500 0.048958 0.219444
3 0.042188 0.649074 0.069792 0.146296
2 0.650521 0.552778 0.022917 0.046296
3 0.635417 0.531944 0.014583 0.028704
0 0.358854 0.569444 0.025000 0.037037
0 0.147656 0.847685 0.166146 0.300926
0 0.746615 0.612037 0.047396 0.061111
0 0.561979 0.584259 0.033333 0.064815
0 0.651302 0.700000 0.083854 0.214815
2 0.050000 0.568981 0.063542 0.076852
3 0.565625 0.529630 0.008333 0.014815
