1 0.08099 0.665278 0.104688 0.512037
1 0.038542 0.727315 0.076042 0.54537
1 0.281771 0.578241 0.110417 0.399074
1 0.48099 0.723611 0.120313 0.552778
2 0.014063 0.518519 0.027083 0.125926
2 0.078385 0.456944 0.036979 0.089815
2 0.285938 0.444907 0.066667 0.113889
2 0.469792 0.504167 0.066667 0.123148
0 0.520573 0.404167 0.015104 0.039815
0 0.505469 0.404167 0.035937 0.04537
0 0.555208 0.405093 0.040625 0.052778
0 0.154427 0.640741 0.098437 0.172222
0 0.30026 0.753241 0.265104 0.484259
0 0.138021 0.828704 0.275 0.342593
0 0.451042 0.794444 0.307292 0.403704
