1 0.823438 0.491204 0.048958 0.234259
1 0.500521 0.480093 0.068750 0.269444
1 0.118490 0.668519 0.171354 0.455556
1 0.194271 0.686111 0.076042 0.307407
1 0.142708 0.645370 0.082292 0.438889
1 0.069531 0.746296 0.138021 0.507407
2 0.062500 0.630556 0.123958 0.259259
2 0.144271 0.490741 0.072917 0.124074
2 0.069792 0.475000 0.064583 0.070370
2 0.495312 0.363426 0.018750 0.036111
2 0.819792 0.388889 0.022917 0.035185
0 0.815365 0.512037 0.081771 0.205556
0 0.687760 0.379630 0.039062 0.051852
0 0.483073 0.514352 0.132812 0.191667
0 0.272656 0.916204 0.222396 0.167593
0 0.207813 0.764352 0.295833 0.441667
