1 0.634115 0.487037 0.024479 0.116667
1 0.857292 0.524074 0.072917 0.185185
1 0.970833 0.672222 0.058333 0.427778
1 0.662240 0.699074 0.180729 0.546296
1 0.663021 0.729167 0.152083 0.541667
2 0.668229 0.513426 0.044792 0.099074
2 0.667708 0.445833 0.060417 0.039815
2 0.984375 0.494444 0.027083 0.070370
2 0.851042 0.454167 0.027083 0.043519
0 0.606771 0.463426 0.018750 0.036111
0 0.639844 0.502778 0.027604 0.077778
0 0.773177 0.485648 0.027604 0.071296
0 0.858333 0.581019 0.085417 0.193519
0 0.960417 0.813889 0.070833 0.316667
0 0.697917 0.513889 0.020833 0.094444
0 0.659896 0.825926 0.176042 0.346296
2 0.640885 0.444444 0.011979 0.025926
