1 0.603646 0.721759 0.048958 0.197222
1 0.607292 0.718519 0.043750 0.161111
1 0.653385 0.742593 0.061979 0.294444
1 0.735156 0.797222 0.089063 0.403704
1 0.484375 0.812500 0.125000 0.375000
1 0.223177 0.808796 0.145313 0.382407
3 0.242448 0.670370 0.049479 0.087037
3 0.477344 0.661574 0.042188 0.078704
2 0.731771 0.637037 0.041667 0.094444
2 0.656510 0.619907 0.028646 0.049074
0 0.261198 0.879167 0.229687 0.241667
0 0.477083 0.860648 0.200000 0.276852
0 0.718490 0.866204 0.163021 0.265741
0 0.657292 0.801389 0.081250 0.254630
0 0.606250 0.756944 0.054167 0.204630
0 0.346615 0.667130 0.069271 0.091667
0 0.356510 0.640741 0.048438 0.074074
0 0.383073 0.630556 0.044271 0.048148
0 0.393490 0.618056 0.033854 0.034259
0 0.686198 0.700000 0.019271 0.074074
2 0.676823 0.612037 0.011979 0.025926
3 0.606510 0.636574 0.015104 0.030556
3 0.615104 0.653704 0.015625 0.033333
