1 0.497396 0.476852 0.064583 0.275926
1 0.112240 0.670833 0.145313 0.463889
1 0.147917 0.641667 0.079167 0.437037
1 0.095052 0.747685 0.189062 0.500926
1 0.819271 0.485648 0.057292 0.243519
2 0.062760 0.629630 0.124479 0.257407
2 0.139844 0.497222 0.066146 0.125926
2 0.077865 0.475000 0.057813 0.068519
2 0.494271 0.360648 0.018750 0.032407
2 0.821615 0.381019 0.019271 0.036111
0 0.815625 0.512500 0.084375 0.210185
0 0.725260 0.393056 0.051562 0.062037
0 0.483073 0.516204 0.139063 0.197222
0 0.171875 0.646296 0.057292 0.172222
0 0.280208 0.725926 0.146875 0.368519
0 0.289844 0.912963 0.217188 0.172222
3 0.244792 0.574537 0.052083 0.082407
