1 0.163542 0.593519 0.028125 0.168519
1 0.152865 0.592130 0.024479 0.165741
1 0.125000 0.580556 0.028125 0.138889
1 0.100000 0.758796 0.105208 0.482407
3 0.100521 0.573148 0.041667 0.105556
0 0.594010 0.570370 0.032813 0.055556
0 0.611198 0.575000 0.016146 0.066667
0 0.534115 0.580093 0.024479 0.060185
0 0.114583 0.666667 0.138542 0.161111
0 0.115365 0.865278 0.200521 0.267593
3 0.160938 0.525463 0.015625 0.034259
3 0.146354 0.527315 0.012500 0.030556
3 0.135677 0.534259 0.015104 0.031481
2 0.121354 0.528704 0.015625 0.031481
