1 0.264583 0.541667 0.023958 0.125926
1 0.241146 0.531944 0.029167 0.110185
1 0.792188 0.737963 0.125000 0.524074
2 0.792969 0.535185 0.063021 0.118519
0 0.456771 0.512963 0.015625 0.033333
0 0.268490 0.576852 0.088021 0.101852
0 0.500260 0.502315 0.003646 0.002778
0 0.503906 0.500926 0.004687 0.003704
0 0.513542 0.500926 0.007292 0.005556
0 0.696354 0.498611 0.010417 0.025000
0 0.684896 0.516204 0.022917 0.050926
0 0.670573 0.526852 0.025521 0.064815
0 0.814583 0.853241 0.189583 0.291667
0 0.422656 0.508796 0.006771 0.010185
2 0.258594 0.491667 0.016146 0.024074
2 0.243229 0.487963 0.012500 0.024074
2 0.670312 0.474074 0.008333 0.022222
1 0.672135 0.506019 0.023438 0.082407
