1 0.808954 0.583796 0.027069 0.099074
1 0.829516 0.580556 0.027590 0.094444
1 0.843311 0.637037 0.060385 0.218519
1 0.760021 0.597685 0.042686 0.132407
1 0.656169 0.583333 0.029672 0.100000
1 0.674649 0.628241 0.072879 0.182407
1 0.579386 0.631481 0.061426 0.188889
1 0.047111 0.784722 0.093181 0.430556
2 0.044248 0.650000 0.085372 0.144444
2 0.850599 0.552315 0.018740 0.039815
2 0.680375 0.551852 0.017699 0.031481
2 0.577564 0.550000 0.015096 0.029630
2 0.660854 0.546759 0.016137 0.026852
2 0.756117 0.544907 0.014055 0.026852
0 0.340448 0.596296 0.052056 0.103704
0 0.152785 0.847685 0.190005 0.302778
0 0.599427 0.559722 0.046330 0.071296
0 0.572879 0.677315 0.086934 0.180556
0 0.648621 0.665278 0.030193 0.106481
0 0.680115 0.668519 0.062988 0.166667
0 0.758719 0.638426 0.044248 0.106481
0 0.807392 0.607407 0.030193 0.070370
0 0.918011 0.573611 0.013014 0.043519
0 0.902655 0.563426 0.010411 0.028704
0 0.894586 0.578704 0.014055 0.044444
0 0.879490 0.599074 0.021343 0.068519
0 0.850599 0.704630 0.068714 0.181481
0 0.826913 0.613889 0.015096 0.040741
2 0.812077 0.543519 0.008329 0.018519
2 0.834982 0.544444 0.008329 0.018519
