1 0.022124 0.643056 0.043207 0.169444
1 0.097866 0.611574 0.030193 0.093519
1 0.159552 0.656944 0.045289 0.215741
1 0.323790 0.678704 0.041645 0.192593
1 0.370901 0.748611 0.060906 0.328704
1 0.286569 0.720833 0.047371 0.276852
1 0.135867 0.709259 0.090578 0.264815
1 0.066372 0.798611 0.131702 0.402778
2 0.063769 0.668519 0.072358 0.138889
2 0.023946 0.578241 0.027069 0.045370
2 0.291515 0.605556 0.032275 0.053704
2 0.371942 0.608333 0.032795 0.053704
2 0.072098 0.578704 0.024466 0.037037
2 0.160073 0.576852 0.023425 0.037037
1 0.069235 0.654167 0.053097 0.206481
0 0.198855 0.688426 0.067673 0.152778
0 0.176991 0.622685 0.010411 0.032407
0 0.138209 0.755556 0.087975 0.162963
0 0.015096 0.733333 0.028110 0.083333
0 0.190265 0.889815 0.133784 0.218519
0 0.303488 0.806944 0.099948 0.334259
0 0.374805 0.841204 0.143675 0.310185
0 0.526549 0.575926 0.026549 0.033333
0 0.951067 0.519444 0.032275 0.042593
0 0.948985 0.603241 0.015617 0.036111
2 0.323529 0.618519 0.032795 0.070370
2 0.543727 0.537963 0.010932 0.020370
2 0.121551 0.608333 0.028631 0.062963
2 0.095783 0.581481 0.022905 0.040741
