1 0.862760 0.606944 0.040104 0.141667
1 0.904167 0.652778 0.065625 0.207407
1 0.691667 0.666204 0.089583 0.262037
1 0.494792 0.667593 0.078125 0.235185
1 0.309375 0.778704 0.121875 0.438889
1 0.207292 0.782407 0.162500 0.435185
3 0.240885 0.618519 0.050521 0.103704
3 0.488542 0.575000 0.023958 0.055556
3 0.704688 0.561111 0.023958 0.055556
3 0.894792 0.571296 0.021875 0.050000
0 0.761198 0.586111 0.039062 0.075926
0 0.751302 0.625926 0.027604 0.109259
0 0.861719 0.627315 0.034896 0.091667
0 0.936458 0.590741 0.056250 0.098148
0 0.953906 0.594444 0.060937 0.103704
0 0.900781 0.700000 0.080729 0.220370
0 0.694271 0.761574 0.090625 0.263889
0 0.425781 0.607870 0.023438 0.069444
0 0.388281 0.629167 0.023438 0.091667
0 0.254427 0.558796 0.009896 0.015741
0 0.497917 0.783796 0.083333 0.271296
0 0.275000 0.862037 0.220833 0.272222
0 0.835938 0.593519 0.013542 0.048148
0 0.557813 0.566204 0.008333 0.023148
3 0.272656 0.618981 0.028646 0.117593
3 0.861719 0.549074 0.008854 0.024074
3 0.851562 0.551852 0.010417 0.024074
