1 0.986198 0.612963 0.027604 0.129630
1 0.597135 0.665741 0.071354 0.290741
1 0.760677 0.773148 0.122396 0.453704
2 0.594792 0.543056 0.026042 0.049074
2 0.767188 0.608333 0.062500 0.125926
0 0.107813 0.508333 0.011458 0.031481
0 0.365104 0.526389 0.008333 0.017593
0 0.383333 0.522222 0.010417 0.020370
0 0.394531 0.522222 0.005729 0.011111
0 0.673698 0.543519 0.005729 0.024074
0 0.677083 0.543981 0.007292 0.026852
0 0.979948 0.642130 0.040104 0.113889
0 0.589063 0.713889 0.082292 0.237037
0 0.745833 0.850926 0.234375 0.298148
2 0.991146 0.565278 0.017708 0.036111
