1 0.626563 0.4875 0.033333 0.110185
1 0.76276 0.59213 0.066146 0.310185
1 0.79974 0.697222 0.119271 0.498148
1 0.077344 0.574537 0.042188 0.106481
1 0.065365 0.568519 0.041146 0.087037
2 0.811458 0.519907 0.053125 0.137963
2 0.761458 0.492593 0.044792 0.1
2 0.051562 0.536111 0.010417 0.018519
2 0.064844 0.534722 0.013021 0.019444
3 0.622917 0.443519 0.010417 0.024074
0 0.622917 0.52037 0.032292 0.090741
0 0.689583 0.450926 0.017708 0.024074
0 0.828125 0.816204 0.220833 0.365741
0 0.072917 0.593981 0.053125 0.086111
