1 0.491146 0.574537 0.040625 0.102778
1 0.464323 0.705093 0.092188 0.336111
1 0.598177 0.662037 0.064062 0.277778
1 0.795833 0.692130 0.051042 0.280556
1 0.820573 0.789352 0.103646 0.421296
2 0.819792 0.624074 0.059375 0.096296
2 0.594792 0.547685 0.026042 0.049074
2 0.459115 0.572685 0.029687 0.067593
2 0.493490 0.534259 0.017188 0.033333
0 0.208854 0.557870 0.040625 0.050926
0 0.408073 0.597222 0.018229 0.057407
0 0.521354 0.568981 0.027083 0.075000
0 0.477344 0.566667 0.008854 0.057407
0 0.502083 0.638426 0.062500 0.152778
0 0.457552 0.810185 0.115104 0.377778
0 0.588281 0.725926 0.120313 0.240741
0 0.962760 0.900926 0.073438 0.196296
0 0.792708 0.799074 0.247917 0.283333
0 0.808854 0.852778 0.326042 0.294444
2 0.799740 0.581019 0.042188 0.056481
