1 0.289062 0.604630 0.060417 0.157407
1 0.021615 0.605556 0.025521 0.116667
1 0.190365 0.584259 0.034896 0.111111
1 0.064583 0.779630 0.128125 0.440741
1 0.213021 0.679167 0.058333 0.225000
2 0.077865 0.633796 0.084896 0.158333
2 0.207813 0.584259 0.022917 0.038889
2 0.930990 0.535185 0.015104 0.031481
1 0.927344 0.608333 0.042188 0.187037
0 0.294010 0.642130 0.081771 0.132407
0 0.021615 0.633796 0.028646 0.108333
0 0.114844 0.642130 0.043229 0.076852
0 0.180208 0.611574 0.031250 0.097222
0 0.294271 0.644444 0.082292 0.133333
0 0.903646 0.576852 0.011458 0.018519
0 0.161458 0.855556 0.181250 0.287037
0 0.217188 0.745370 0.109375 0.268519
2 0.299479 0.543519 0.025000 0.033333
2 0.195052 0.540741 0.014063 0.024074
2 0.106250 0.549537 0.013542 0.019444
2 0.026042 0.558333 0.011458 0.022222
1 0.108594 0.572685 0.033854 0.062037
2 0.039062 0.543056 0.010417 0.015741
