1 0.56276 0.704167 0.078646 0.336111
1 0.645312 0.763426 0.108333 0.473148
2 0.635938 0.574537 0.05 0.100926
2 0.573438 0.566204 0.035417 0.063889
0 0.217708 0.56713 0.040625 0.056481
0 0.29349 0.569907 0.045312 0.058333
0 0.396094 0.564352 0.017188 0.041667
0 0.445052 0.564352 0.018229 0.030556
0 0.458333 0.567593 0.009375 0.031481
0 0.510417 0.559259 0.007292 0.016667
0 0.816406 0.581019 0.015104 0.049074
0 0.83151 0.585185 0.029687 0.057407
0 0.882812 0.566667 0.05625 0.072222
0 0.926302 0.569444 0.107813 0.087037
0 0.530469 0.824074 0.125521 0.201852
0 0.634635 0.827778 0.151562 0.338889
0 0.909896 0.87037 0.107292 0.168519
