1 0.832900 0.607870 0.024987 0.141667
1 0.513535 0.597222 0.034878 0.109259
1 0.388600 0.754167 0.089016 0.325000
1 0.319365 0.676852 0.047371 0.209259
1 0.283186 0.730556 0.092660 0.287037
1 0.175690 0.659259 0.076523 0.201852
1 0.097085 0.607407 0.028631 0.096296
1 0.135086 0.699537 0.086934 0.236111
1 0.021083 0.652315 0.039042 0.191667
1 0.062728 0.801389 0.124414 0.397222
2 0.071057 0.666204 0.070276 0.141667
2 0.288652 0.606481 0.032795 0.057407
2 0.022905 0.578704 0.027069 0.050000
2 0.387559 0.618519 0.033837 0.051852
0 0.949245 0.518519 0.025508 0.038889
0 0.828995 0.629630 0.045289 0.111111
0 0.507548 0.620370 0.067673 0.075926
0 0.383134 0.646759 0.087454 0.106481
0 0.377147 0.837500 0.134826 0.317593
0 0.298542 0.806019 0.096304 0.304630
0 0.186361 0.885185 0.144716 0.220370
0 0.336543 0.639815 0.036960 0.048148
0 0.195211 0.683333 0.062467 0.140741
0 0.140552 0.606019 0.026028 0.056481
2 0.071317 0.578241 0.030193 0.041667
2 0.093961 0.587037 0.020302 0.050000
2 0.121031 0.606944 0.027590 0.062037
2 0.164498 0.579167 0.030193 0.043519
2 0.515357 0.553704 0.014576 0.024074
2 0.388339 0.572222 0.014576 0.029630
2 0.317283 0.607870 0.034878 0.067593
2 0.324310 0.571759 0.017699 0.023148
2 0.832900 0.556019 0.013535 0.026852
