1 0.765365 0.613426 0.060937 0.208333
1 0.086979 0.618519 0.051042 0.155556
1 0.250000 0.684722 0.091667 0.275000
1 0.478125 0.740278 0.123958 0.419444
1 0.920573 0.712037 0.111979 0.396296
1 0.942187 0.735185 0.113542 0.433333
1 0.659635 0.761574 0.190104 0.475000
1 0.223177 0.770833 0.147396 0.454630
1 0.167448 0.766667 0.178646 0.446296
1 0.389583 0.773611 0.143750 0.445370
2 0.389844 0.607870 0.055729 0.110185
2 0.670833 0.581481 0.084375 0.114815
2 0.177604 0.591204 0.047917 0.095370
2 0.101042 0.559722 0.019792 0.041667
2 0.468229 0.557870 0.038542 0.058333
3 0.947917 0.546759 0.030208 0.062037
0 0.766406 0.783333 0.064062 0.188889
0 0.070312 0.504630 0.031250 0.046296
0 0.163542 0.541667 0.042708 0.050000
0 0.140625 0.533796 0.029167 0.028704
0 0.073438 0.757870 0.065625 0.152778
0 0.194531 0.635185 0.022396 0.038889
0 0.278906 0.742593 0.085938 0.246296
0 0.472135 0.816204 0.131771 0.363889
0 0.890365 0.780093 0.109896 0.297222
0 0.653385 0.842130 0.199479 0.313889
0 0.945312 0.875926 0.107292 0.246296
0 0.009375 0.659259 0.017708 0.075926
0 0.173698 0.847685 0.174479 0.302778
0 0.041406 0.809259 0.081771 0.285185
0 0.395313 0.880556 0.182292 0.235185
3 0.981771 0.559259 0.036458 0.081481
3 0.773177 0.536574 0.025521 0.054630
3 0.239583 0.576852 0.027083 0.059259
3 0.128906 0.581019 0.038021 0.075000
