1 0.030729 0.572222 0.060417 0.238889
1 0.154427 0.635185 0.098437 0.437037
1 0.613542 0.558796 0.073958 0.336111
1 0.686198 0.663889 0.093229 0.537037
1 0.89401 0.722685 0.209896 0.55463
2 0.903385 0.552778 0.086979 0.209259
2 0.153646 0.460185 0.041667 0.088889
2 0.68099 0.450926 0.046354 0.103704
2 0.607292 0.427315 0.033333 0.05463
0 0.03125 0.656481 0.060417 0.083333
0 0.156771 0.763889 0.138542 0.340741
0 0.566406 0.411111 0.015104 0.040741
0 0.620052 0.614352 0.083854 0.243519
0 0.700521 0.75787 0.163542 0.469444
0 0.870052 0.903241 0.259896 0.193519
