1 0.419792 0.612500 0.086458 0.443519
1 0.316146 0.635648 0.137500 0.465741
2 0.417708 0.453704 0.050000 0.114815
2 0.339583 0.443519 0.053125 0.075926
0 0.967708 0.361574 0.013542 0.026852
0 0.951562 0.359259 0.019792 0.031481
0 0.932292 0.357870 0.025000 0.028704
0 0.910417 0.368981 0.021875 0.032407
0 0.932552 0.374074 0.014063 0.020370
0 0.882812 0.366204 0.036458 0.052778
0 0.871094 0.376852 0.020313 0.037037
0 0.833594 0.380556 0.030729 0.046296
0 0.809375 0.380556 0.018750 0.042593
0 0.691927 0.400000 0.027604 0.064815
0 0.656510 0.396759 0.042188 0.073148
0 0.924740 0.437500 0.043229 0.099074
0 0.419531 0.771296 0.297396 0.455556
