1 0.255990 0.556019 0.024479 0.087963
1 0.862760 0.603704 0.049479 0.205556
1 0.666927 0.756944 0.075521 0.482407
1 0.142187 0.689815 0.072917 0.320370
1 0.231771 0.662963 0.087500 0.283333
1 0.356771 0.705556 0.073958 0.342593
1 0.327865 0.762037 0.134896 0.425926
1 0.730208 0.784259 0.115625 0.427778
1 0.054167 0.575926 0.035417 0.094444
3 0.310937 0.591204 0.033333 0.065741
3 0.339062 0.576389 0.033333 0.084259
3 0.669792 0.581481 0.047917 0.111111
0 0.015104 0.559259 0.026042 0.051852
0 0.007812 0.602778 0.014583 0.053704
0 0.051042 0.620370 0.072917 0.090741
0 0.040625 0.680556 0.080208 0.137037
0 0.121615 0.568519 0.021354 0.025926
0 0.162500 0.587037 0.023958 0.070370
0 0.179167 0.617593 0.036458 0.087037
0 0.260677 0.597222 0.017188 0.046296
0 0.249479 0.596296 0.022917 0.040741
0 0.829167 0.822685 0.123958 0.347222
0 0.673438 0.870833 0.241667 0.256481
0 0.143229 0.746296 0.080208 0.214815
0 0.233073 0.763889 0.095312 0.272222
0 0.323177 0.851389 0.145313 0.293519
0 0.091406 0.597222 0.039062 0.087037
0 0.205469 0.553241 0.011979 0.034259
3 0.732031 0.655556 0.086979 0.170370
3 0.224479 0.547685 0.026042 0.052778
3 0.256250 0.522222 0.010417 0.020370
3 0.052344 0.542130 0.014063 0.026852
3 0.137500 0.550926 0.023958 0.042593
3 0.846094 0.524537 0.007812 0.047222
