1 0.697917 0.489352 0.031250 0.093519
1 0.718490 0.514352 0.039062 0.150926
1 0.874740 0.510185 0.042188 0.157407
1 0.947135 0.507870 0.026562 0.147222
1 0.972917 0.521296 0.041667 0.168519
1 0.606250 0.498148 0.039583 0.133333
1 0.550260 0.631481 0.135937 0.383333
1 0.548177 0.694907 0.150521 0.480556
1 0.803385 0.727778 0.249479 0.544444
2 0.798438 0.547222 0.081250 0.174074
2 0.548438 0.496759 0.038542 0.078704
2 0.604948 0.447685 0.017188 0.028704
0 0.667708 0.480093 0.025000 0.067593
0 0.719531 0.548611 0.063021 0.150926
0 0.876302 0.547685 0.084896 0.152778
0 0.966406 0.555556 0.064062 0.129630
0 0.608594 0.540278 0.047396 0.136111
0 0.544271 0.788889 0.127083 0.405556
0 0.803646 0.863889 0.347917 0.272222
2 0.559635 0.480556 0.045312 0.079630
2 0.872656 0.453704 0.018229 0.038889
2 0.971615 0.455556 0.019271 0.038889
3 0.946875 0.450926 0.014583 0.033333
3 0.700781 0.456019 0.011979 0.025000
2 0.714583 0.457870 0.019792 0.032407
