1 0.867708 0.440278 0.039583 0.204630
1 0.883333 0.437500 0.046875 0.134259
1 0.791146 0.566204 0.070833 0.423148
1 0.735417 0.536574 0.090625 0.328704
1 0.610156 0.602778 0.094271 0.451852
1 0.525521 0.498611 0.070833 0.197222
1 0.548438 0.716204 0.178125 0.567593
2 0.579688 0.518056 0.094792 0.156481
2 0.533854 0.450926 0.051042 0.096296
2 0.595313 0.433333 0.060417 0.101852
3 0.752865 0.401852 0.040104 0.064815
2 0.922917 0.372685 0.017708 0.039815
2 0.889844 0.381481 0.024479 0.044444
1 0.922135 0.455556 0.052604 0.203704
0 0.762500 0.616204 0.146875 0.310185
0 0.652344 0.672222 0.118229 0.288889
0 0.564063 0.823148 0.453125 0.353704
2 0.760417 0.389352 0.030208 0.071296
3 0.875521 0.350926 0.016667 0.031481
