1 0.120833 0.440278 0.058333 0.112037
1 0.145313 0.428241 0.034375 0.119444
1 0.226042 0.444444 0.057292 0.137037
1 0.186979 0.564352 0.098958 0.421296
1 0.060937 0.730556 0.120833 0.538889
1 0.075521 0.506944 0.086458 0.265741
1 0.488281 0.543519 0.064062 0.344444
1 0.429948 0.699074 0.150521 0.601852
2 0.436458 0.455556 0.065625 0.109259
2 0.490365 0.418056 0.039062 0.060185
2 0.047917 0.556019 0.089583 0.173148
2 0.182292 0.414352 0.047917 0.080556
2 0.07526 0.401389 0.022396 0.043519
2 0.119271 0.404167 0.026042 0.039815
2 0.145313 0.393519 0.020833 0.035185
2 0.222135 0.4125 0.022396 0.05463
0 0.247656 0.391204 0.032813 0.052778
0 0.302344 0.388426 0.041146 0.063889
0 0.63151 0.387037 0.036979 0.074074
0 0.28125 0.530093 0.098958 0.193519
0 0.210938 0.630093 0.26875 0.347222
0 0.195312 0.84537 0.198958 0.305556
0 0.092448 0.611111 0.048438 0.083333
0 0.527083 0.611111 0.080208 0.266667
0 0.453385 0.813426 0.229687 0.369444
