1 0.615365 0.547685 0.070312 0.236111
1 0.684896 0.706019 0.132292 0.541667
1 0.864583 0.732870 0.160417 0.534259
1 0.244792 0.549074 0.061458 0.192593
2 0.867448 0.606019 0.090104 0.228704
2 0.673438 0.485185 0.045833 0.098148
2 0.624219 0.462963 0.024479 0.055556
2 0.248438 0.473148 0.020833 0.044444
0 0.573438 0.458333 0.021875 0.057407
0 0.611198 0.638426 0.073438 0.232407
0 0.552344 0.610185 0.016146 0.109259
0 0.688542 0.779167 0.153125 0.439815
0 0.876042 0.930556 0.247917 0.138889
0 0.238802 0.612963 0.071354 0.172222
0 0.046354 0.705556 0.040625 0.085185
