1 0.735938 0.406019 0.053125 0.169444
1 0.809375 0.357870 0.031250 0.099074
1 0.830990 0.425926 0.058854 0.225926
1 0.933333 0.681019 0.133333 0.637963
3 0.968490 0.420833 0.055729 0.130556
2 0.731771 0.337500 0.020833 0.032407
2 0.814844 0.323611 0.014063 0.025000
0 0.425521 0.309259 0.027083 0.029630
0 0.613542 0.327315 0.038542 0.052778
0 0.735156 0.449074 0.052604 0.161111
0 0.798698 0.422222 0.026562 0.040741
0 0.821615 0.445833 0.075521 0.184259
0 0.907031 0.845833 0.185938 0.308333
2 0.829688 0.329630 0.015625 0.033333
