1 0.929688 0.619444 0.061458 0.174074
1 0.363021 0.569907 0.032292 0.119444
1 0.386979 0.663889 0.052083 0.281481
1 0.197135 0.647685 0.058854 0.267593
1 0.141667 0.633333 0.062500 0.205556
1 0.314844 0.781019 0.135937 0.437963
1 0.976302 0.615741 0.047396 0.146296
3 0.305208 0.613889 0.064583 0.109259
2 0.206771 0.549537 0.036458 0.062037
3 0.144792 0.559722 0.028125 0.062037
0 0.783073 0.602315 0.060937 0.082407
0 0.921875 0.707407 0.017708 0.035185
0 0.440365 0.632407 0.020313 0.125926
0 0.353906 0.613889 0.038021 0.109259
0 0.397396 0.698611 0.075000 0.217593
0 0.200781 0.761111 0.222396 0.235185
0 0.275000 0.889352 0.432292 0.221296
0 0.076042 0.590278 0.037500 0.037963
2 0.928906 0.559259 0.023438 0.053704
2 0.986198 0.574074 0.027604 0.062963
2 0.389583 0.540741 0.025000 0.048148
2 0.363281 0.525000 0.015104 0.029630
