1 0.035677 0.656019 0.070312 0.393519
1 0.604167 0.509259 0.062500 0.201852
1 0.685417 0.515278 0.029167 0.204630
1 0.709896 0.532870 0.066667 0.228704
1 0.855729 0.718519 0.138542 0.562963
2 0.018490 0.497685 0.025521 0.069444
3 0.868750 0.514352 0.050000 0.125000
2 0.602344 0.429167 0.020313 0.041667
2 0.702865 0.443056 0.023438 0.047222
0 0.366406 0.426389 0.028646 0.041667
0 0.231510 0.466204 0.038021 0.054630
0 0.057813 0.787963 0.112500 0.274074
0 0.586979 0.412963 0.011458 0.011111
0 0.584635 0.469444 0.033854 0.090741
0 0.603385 0.571296 0.072396 0.198148
0 0.708854 0.605093 0.076042 0.204630
0 0.884375 0.863426 0.231250 0.273148
3 0.689583 0.433333 0.015625 0.040741
