1 0.587240 0.634722 0.063021 0.206481
1 0.777604 0.766204 0.084375 0.467593
1 0.686198 0.625000 0.063021 0.194444
1 0.690885 0.640278 0.059896 0.197222
1 0.069271 0.755556 0.076042 0.370370
2 0.059115 0.602315 0.036979 0.073148
3 0.776042 0.582407 0.042708 0.094444
2 0.587240 0.553704 0.022396 0.040741
2 0.684896 0.560648 0.020833 0.041667
0 0.589583 0.535185 0.019792 0.027778
0 0.585938 0.565278 0.033333 0.025000
0 0.586979 0.694907 0.075000 0.202778
0 0.789844 0.861574 0.155729 0.276852
0 0.691406 0.703704 0.075521 0.188889
0 0.590104 0.537963 0.020833 0.029630
0 0.317188 0.567130 0.025000 0.036111
0 0.071354 0.832870 0.141667 0.334259
3 0.671875 0.549074 0.014583 0.040741
