1 0.731771 0.662037 0.075000 0.301852
1 0.384115 0.593056 0.045312 0.156481
1 0.206510 0.762963 0.120313 0.470370
1 0.207031 0.781944 0.100521 0.432407
1 0.465365 0.668519 0.092188 0.281481
1 0.471615 0.696296 0.110937 0.316667
3 0.194792 0.620833 0.043750 0.089815
3 0.227344 0.572685 0.036979 0.069444
3 0.728646 0.539815 0.023958 0.050000
0 0.733594 0.758796 0.114062 0.271296
0 0.387240 0.642130 0.049479 0.125000
0 0.219010 0.862963 0.169271 0.274074
0 0.464583 0.795370 0.102083 0.298148
3 0.476823 0.568981 0.030729 0.069444
3 0.381510 0.530093 0.014063 0.032407
3 0.457813 0.564352 0.027083 0.052778
