1 0.686719 0.487963 0.031771 0.125926
1 0.710938 0.506019 0.042708 0.167593
1 0.772917 0.521296 0.101042 0.229630
1 0.870313 0.822685 0.108333 0.349074
1 0.853646 0.725926 0.154167 0.548148
1 0.761198 0.734259 0.114062 0.531481
1 0.663802 0.615741 0.095312 0.379630
1 0.378125 0.730093 0.154167 0.539815
2 0.362240 0.541667 0.070312 0.138889
2 0.862240 0.543056 0.082812 0.163889
2 0.776563 0.533333 0.051042 0.124074
2 0.649740 0.460648 0.039062 0.075000
2 0.764844 0.431019 0.026562 0.043519
0 0.458594 0.480093 0.009896 0.025000
0 0.707031 0.535648 0.061979 0.126852
0 0.768229 0.562500 0.117708 0.152778
0 0.981250 0.758796 0.033333 0.250926
0 0.847917 0.853241 0.291667 0.293519
0 0.655729 0.710648 0.139583 0.387963
0 0.360677 0.831481 0.260937 0.333333
3 0.890885 0.717130 0.060937 0.136111
2 0.712240 0.446296 0.019271 0.044444
3 0.693229 0.442593 0.017708 0.040741
