1 0.926562 0.416204 0.035417 0.10463
1 0.853646 0.422685 0.035417 0.108333
1 0.792969 0.460185 0.064062 0.190741
1 0.684896 0.645833 0.161458 0.480556
3 0.677865 0.446759 0.046354 0.089815
2 0.79349 0.380556 0.018229 0.031481
2 0.93099 0.372685 0.010937 0.023148
2 0.852865 0.377315 0.011979 0.019444
2 0.890625 0.373611 0.011458 0.019444
1 0.8872731673316051 0.43170891062543704 0.037248519414385534 0.13874994189216663
0 0.927865 0.451852 0.036979 0.12037
0 0.890885 0.4375 0.033854 0.099074
0 0.853385 0.455556 0.040104 0.111111
0 0.79401 0.511111 0.069271 0.172222
0 0.661458 0.785185 0.222917 0.427778
