1 0.781771 0.568519 0.045833 0.140741
1 0.845313 0.586574 0.061458 0.171296
1 0.597917 0.546296 0.036458 0.088889
1 0.505469 0.574537 0.051562 0.171296
1 0.559635 0.616204 0.066146 0.250926
1 0.416667 0.662963 0.114583 0.316667
1 0.069010 0.785648 0.136979 0.428704
2 0.834635 0.525463 0.021354 0.041667
0 0.620573 0.550000 0.011979 0.037037
0 0.738542 0.606019 0.019792 0.091667
0 0.926562 0.571759 0.039583 0.104630
0 0.779167 0.609259 0.050000 0.111111
0 0.842448 0.635185 0.074479 0.181481
0 0.598177 0.601852 0.044271 0.135185
0 0.492448 0.577315 0.011979 0.028704
0 0.506771 0.637963 0.038542 0.137037
0 0.555729 0.694444 0.077083 0.212963
0 0.267969 0.549074 0.033854 0.077778
0 0.339844 0.632870 0.058854 0.147222
0 0.415104 0.758796 0.113542 0.286111
0 0.124740 0.891204 0.248438 0.213889
3 0.781250 0.518519 0.012500 0.037037
3 0.558333 0.512963 0.027083 0.046296
3 0.069531 0.650463 0.080729 0.156481
2 0.597135 0.516667 0.016146 0.031481
2 0.509896 0.505093 0.016667 0.032407
2 0.416146 0.521296 0.033333 0.033333
