1 0.815625 0.661574 0.1 0.506481
1 0.082292 0.669444 0.104167 0.524074
1 0.296615 0.60787 0.108854 0.441667
1 0.475 0.72037 0.10625 0.559259
1 0.033073 0.72963 0.065104 0.540741
2 0.017708 0.524537 0.029167 0.123148
2 0.079167 0.45 0.047917 0.090741
2 0.301823 0.44213 0.063021 0.106481
2 0.477865 0.499537 0.056771 0.115741
2 0.828385 0.445833 0.041146 0.084259
0 0.800781 0.413426 0.022396 0.043519
0 0.479167 0.427315 0.015625 0.04537
0 0.583073 0.406019 0.034896 0.047222
0 0.625521 0.406019 0.032292 0.041667
0 0.814063 0.756944 0.186458 0.428704
0 0.152604 0.675463 0.109375 0.232407
0 0.303125 0.743981 0.25 0.465741
0 0.455208 0.794444 0.309375 0.407407
0 0.140885 0.82963 0.279687 0.340741
0 0.691146 0.405556 0.040625 0.051852
