1 0.372917 0.599537 0.025000 0.106481
1 0.247656 0.612500 0.035937 0.119444
1 0.284115 0.664815 0.063021 0.222222
1 0.655469 0.667130 0.078646 0.247222
1 0.883073 0.754167 0.163021 0.486111
3 0.271094 0.567130 0.015104 0.032407
2 0.251302 0.569444 0.016146 0.031481
2 0.373437 0.559722 0.014583 0.030556
2 0.918750 0.565741 0.071875 0.111111
0 0.374479 0.657407 0.030208 0.083333
0 0.240365 0.714352 0.039062 0.128704
0 0.281771 0.715278 0.085417 0.169444
0 0.662240 0.720370 0.073438 0.192593
0 0.894010 0.844444 0.211979 0.309259
2 0.657813 0.563426 0.023958 0.039815
