1 0.739583 0.562963 0.035417 0.096296
1 0.763542 0.602315 0.062500 0.186111
1 0.092708 0.622685 0.058333 0.176852
1 0.247135 0.683796 0.094271 0.278704
1 0.223438 0.769444 0.147917 0.455556
1 0.167969 0.770370 0.177604 0.451852
1 0.477604 0.738426 0.126042 0.421296
1 0.398438 0.771296 0.129167 0.455556
1 0.922135 0.709722 0.117188 0.400926
1 0.940365 0.738889 0.114062 0.412963
1 0.660937 0.756944 0.191667 0.484259
1 0.725260 0.624074 0.059896 0.203704
2 0.674740 0.578241 0.068229 0.123148
2 0.406771 0.595833 0.058333 0.102778
2 0.174479 0.586574 0.045833 0.089815
2 0.469792 0.556481 0.034375 0.061111
3 0.968750 0.579167 0.042708 0.067593
3 0.949740 0.544907 0.032813 0.073148
3 0.769531 0.537963 0.021354 0.042593
0 0.574219 0.568056 0.017188 0.047222
0 0.070833 0.503241 0.033333 0.043519
0 0.765885 0.785648 0.063021 0.202778
0 0.064323 0.762500 0.053646 0.171296
0 0.274740 0.743981 0.092188 0.250926
0 0.175000 0.844907 0.176042 0.302778
0 0.476823 0.815741 0.130729 0.368519
0 0.381771 0.858333 0.164583 0.283333
0 0.884896 0.778241 0.104167 0.300926
0 0.648958 0.840278 0.186458 0.313889
0 0.677604 0.827778 0.144792 0.298148
0 0.940625 0.877315 0.118750 0.245370
2 0.746354 0.543981 0.020833 0.062037
3 0.235417 0.579167 0.034375 0.052778
2 0.108594 0.557407 0.025521 0.042593
3 0.129427 0.585648 0.040104 0.076852
3 0.713281 0.559259 0.031771 0.077778
