1 0.756510 0.681019 0.067187 0.315741
1 0.756510 0.608333 0.057813 0.194444
1 0.305729 0.580093 0.031250 0.119444
1 0.086198 0.616204 0.057813 0.156481
1 0.276562 0.702778 0.076042 0.329630
1 0.247135 0.687500 0.082812 0.267593
1 0.476562 0.740278 0.122917 0.423148
1 0.921354 0.710648 0.123958 0.391667
1 0.942187 0.735185 0.109375 0.438889
1 0.660677 0.761574 0.192188 0.469444
1 0.388281 0.775463 0.146354 0.447222
1 0.223958 0.770833 0.147917 0.454630
1 0.168490 0.769444 0.174479 0.451852
2 0.669271 0.580556 0.075000 0.107407
2 0.386719 0.610185 0.063021 0.116667
2 0.176563 0.591204 0.044792 0.089815
2 0.103125 0.558333 0.023958 0.046296
2 0.470052 0.558796 0.034896 0.054630
0 0.487500 0.554167 0.006250 0.015741
0 0.902865 0.596759 0.040104 0.065741
0 0.762240 0.775463 0.055729 0.184259
0 0.450000 0.553241 0.011458 0.021296
0 0.304427 0.600463 0.056771 0.084259
0 0.160938 0.541204 0.045833 0.056481
0 0.070312 0.505093 0.030208 0.047222
0 0.062500 0.688889 0.033333 0.098148
0 0.073698 0.756944 0.054688 0.143519
0 0.278646 0.745370 0.086458 0.240741
0 0.471354 0.814815 0.135417 0.366667
0 0.890104 0.780093 0.105208 0.306481
0 0.944271 0.876852 0.108333 0.244444
0 0.653906 0.840278 0.201563 0.312037
0 0.377865 0.889815 0.149479 0.216667
0 0.041146 0.808796 0.081250 0.287963
0 0.173698 0.849537 0.172396 0.299074
3 0.981510 0.557407 0.036979 0.081481
3 0.946094 0.554630 0.042188 0.079630
3 0.755990 0.536574 0.032813 0.050926
3 0.132552 0.584259 0.038021 0.081481
3 0.253385 0.566667 0.022396 0.048148
3 0.239323 0.581944 0.027604 0.054630
3 0.306771 0.530556 0.011458 0.020370
