1 0.719792 0.569907 0.030208 0.110185
1 0.740365 0.655556 0.066146 0.301852
1 0.878646 0.630556 0.093750 0.255556
1 0.917969 0.582407 0.039062 0.138889
1 0.700260 0.696759 0.057813 0.360185
1 0.201563 0.675000 0.050000 0.275926
1 0.297656 0.672222 0.056771 0.296296
1 0.264062 0.667593 0.048958 0.259259
1 0.944531 0.749074 0.107813 0.501852
1 0.657813 0.755556 0.122917 0.488889
1 0.476562 0.702315 0.068750 0.384259
1 0.405729 0.769444 0.094792 0.461111
2 0.409635 0.590278 0.056771 0.104630
2 0.650260 0.550463 0.052604 0.078704
2 0.956771 0.557870 0.063542 0.110185
2 0.473438 0.543519 0.032292 0.048148
3 0.200000 0.562963 0.018750 0.037037
3 0.262240 0.566204 0.020313 0.037963
0 0.352604 0.563889 0.044792 0.048148
0 0.173437 0.532870 0.046875 0.058333
0 0.083854 0.499537 0.018750 0.052778
0 0.777344 0.579630 0.026562 0.062963
0 0.738021 0.747685 0.066667 0.173148
0 0.847917 0.736111 0.079167 0.253704
0 0.704427 0.836574 0.038021 0.158333
0 0.194792 0.726389 0.089583 0.219444
0 0.283854 0.730556 0.107292 0.257407
0 0.904687 0.851389 0.187500 0.287963
0 0.638542 0.824074 0.176042 0.350000
0 0.485417 0.763426 0.096875 0.302778
0 0.408854 0.842593 0.159375 0.303704
3 0.908594 0.533796 0.035937 0.067593
3 0.737500 0.529167 0.027083 0.049074
3 0.703385 0.549074 0.029687 0.074074
3 0.278646 0.553241 0.021875 0.052778
