1 0.716146 0.565741 0.079167 0.257407
1 0.776823 0.719907 0.175521 0.560185
1 0.549219 0.628241 0.132812 0.395370
1 0.548958 0.700926 0.157292 0.494444
2 0.795052 0.504630 0.050521 0.127778
2 0.547135 0.495370 0.032813 0.075926
2 0.708073 0.464352 0.027604 0.052778
2 0.543490 0.446759 0.033854 0.032407
0 0.570833 0.475926 0.015625 0.042593
0 0.638021 0.488889 0.031250 0.066667
0 0.667448 0.475926 0.020313 0.064815
0 0.706510 0.622685 0.099479 0.223148
0 0.768229 0.515741 0.047917 0.092593
0 0.795833 0.807407 0.231250 0.385185
0 0.547396 0.788889 0.138542 0.398148
