1 0.267188 0.475000 0.038542 0.142593
1 0.621875 0.510185 0.073958 0.279630
1 0.707552 0.650926 0.132812 0.538889
1 0.884896 0.725926 0.230208 0.548148
2 0.905990 0.556019 0.089063 0.206481
2 0.694792 0.429630 0.045833 0.098148
2 0.634115 0.414352 0.028646 0.056481
2 0.270313 0.415741 0.014583 0.022222
0 0.572396 0.423611 0.017708 0.039815
0 0.257812 0.553241 0.058333 0.158333
0 0.049219 0.657870 0.031771 0.097222
0 0.617969 0.596759 0.074479 0.228704
0 0.703125 0.752778 0.163542 0.477778
0 0.865104 0.905093 0.268750 0.189815
