1 0.865625 0.443981 0.032292 0.228704
1 0.881510 0.450463 0.040104 0.184259
1 0.779167 0.562500 0.057292 0.415741
1 0.730990 0.550000 0.086979 0.368519
1 0.648438 0.599537 0.073958 0.219444
1 0.630208 0.593981 0.134375 0.415741
1 0.522917 0.529167 0.100000 0.280556
1 0.540365 0.710185 0.172396 0.579630
2 0.571615 0.505556 0.098437 0.155556
2 0.600260 0.436111 0.051562 0.087037
3 0.752865 0.402778 0.035937 0.059259
0 0.950781 0.385185 0.020313 0.037037
0 0.763281 0.601852 0.141146 0.316667
0 0.654687 0.687963 0.119792 0.312963
0 0.558854 0.823148 0.463542 0.353704
2 0.536979 0.440741 0.056250 0.081481
2 0.764844 0.392593 0.030729 0.075926
3 0.872917 0.352778 0.019792 0.025926
2 0.890365 0.386574 0.021354 0.045370
2 0.925260 0.373148 0.020313 0.033333
