1 0.959896 0.543056 0.046875 0.287963
1 0.845833 0.701389 0.184375 0.59537
2 0.867188 0.521296 0.103125 0.190741
2 0.965365 0.43287 0.032813 0.067593
0 0.502865 0.437037 0.003646 0.007407
0 0.565885 0.433796 0.006771 0.025
0 0.684375 0.424074 0.013542 0.031481
0 0.674479 0.424537 0.013542 0.032407
0 0.94401 0.589815 0.058854 0.190741
0 0.874219 0.926389 0.251563 0.147222
0 0.454427 0.443056 0.008854 0.023148
0 0.388021 0.461574 0.022917 0.05463
0 0.038281 0.446759 0.023438 0.043519
0 0.04401 0.448148 0.024479 0.042593
0 0.053385 0.434722 0.013021 0.023148
