1 0.947396 0.658333 0.061458 0.212963
1 0.702604 0.695833 0.087500 0.339815
1 0.804948 0.770370 0.167187 0.442593
1 0.886198 0.780556 0.211979 0.438889
1 0.363021 0.593981 0.032292 0.119444
1 0.293750 0.666667 0.076042 0.266667
1 0.075781 0.778704 0.150521 0.442593
2 0.020833 0.642593 0.036458 0.150000
3 0.295312 0.553704 0.018750 0.040741
2 0.717708 0.562963 0.036458 0.066667
2 0.840625 0.613426 0.061458 0.121296
3 0.909635 0.618981 0.071354 0.117593
0 0.977865 0.875463 0.044271 0.247222
0 0.703646 0.799537 0.104167 0.345370
0 0.845573 0.882407 0.249479 0.235185
0 0.358333 0.689352 0.032292 0.123148
0 0.291406 0.721296 0.088021 0.194444
0 0.104948 0.884259 0.150521 0.229630
2 0.363802 0.552778 0.025521 0.035185
2 0.943750 0.585185 0.038542 0.066667
