1 0.385417 0.604167 0.042708 0.154630
1 0.024219 0.595370 0.047396 0.112963
1 0.185156 0.750926 0.110937 0.451852
1 0.610417 0.761111 0.064583 0.477778
1 0.655469 0.777778 0.083854 0.437037
1 0.274219 0.599537 0.057813 0.169444
3 0.611719 0.574537 0.042188 0.108333
0 0.552083 0.558333 0.015625 0.024074
0 0.378385 0.681019 0.052604 0.115741
0 0.528906 0.605093 0.010937 0.065741
0 0.061979 0.581481 0.013542 0.038889
0 0.055990 0.580556 0.029687 0.044444
0 0.057813 0.626389 0.030208 0.099074
0 0.046875 0.657407 0.066667 0.157407
0 0.038542 0.838426 0.075000 0.319444
0 0.176823 0.832870 0.216146 0.328704
0 0.629687 0.852315 0.220833 0.291667
0 0.206510 0.634722 0.026562 0.099074
0 0.274479 0.661574 0.055208 0.136111
0 0.296094 0.572685 0.015104 0.043519
3 0.646354 0.629167 0.063542 0.125000
3 0.384896 0.541204 0.017708 0.030556
3 0.397656 0.540741 0.016146 0.037037
2 0.171354 0.581481 0.047917 0.090741
3 0.266146 0.533333 0.015625 0.025926
3 0.015104 0.559722 0.016667 0.036111
