1 0.764323 0.606944 0.058854 0.191667
1 0.251042 0.684722 0.086458 0.271296
1 0.487500 0.741667 0.103125 0.424074
1 0.722656 0.630093 0.074479 0.217593
1 0.923438 0.712963 0.114583 0.407407
1 0.936458 0.734722 0.125000 0.408333
1 0.658594 0.759722 0.188021 0.478704
1 0.223958 0.772685 0.141667 0.452778
1 0.169792 0.766667 0.177083 0.450000
1 0.402344 0.774074 0.127604 0.450000
1 0.951823 0.809259 0.093229 0.122222
2 0.670573 0.576389 0.067187 0.130556
2 0.419010 0.617593 0.061979 0.135185
2 0.180990 0.588426 0.047396 0.089815
2 0.100781 0.554630 0.023438 0.044444
3 0.970052 0.573148 0.042188 0.081481
1 0.095833 0.641204 0.057292 0.221296
0 0.573177 0.563889 0.011979 0.031481
0 0.811979 0.582407 0.021875 0.048148
0 0.764844 0.783796 0.064062 0.191667
0 0.071875 0.505556 0.031250 0.042593
0 0.146354 0.529630 0.031250 0.031481
0 0.069531 0.759722 0.054688 0.156481
0 0.164583 0.539815 0.046875 0.050000
0 0.273438 0.740741 0.098958 0.244444
0 0.478906 0.805093 0.120313 0.345370
0 0.894531 0.782870 0.123438 0.297222
0 0.653125 0.840741 0.203125 0.311111
0 0.040104 0.811111 0.079167 0.285185
0 0.173958 0.843056 0.182292 0.313889
0 0.391146 0.879167 0.173958 0.239815
0 0.941927 0.875000 0.111979 0.246296
3 0.947135 0.550926 0.039062 0.070370
3 0.776563 0.537500 0.020833 0.052778
3 0.709635 0.555093 0.039062 0.071296
2 0.469010 0.562500 0.042188 0.065741
3 0.131250 0.578704 0.038542 0.074074
3 0.239063 0.578704 0.029167 0.059259
