1 0.700260 0.687963 0.086979 0.340741
1 0.915885 0.767130 0.146354 0.465741
1 0.950000 0.776852 0.096875 0.446296
1 0.355990 0.627315 0.045312 0.189815
1 0.277865 0.602315 0.057813 0.149074
1 0.238281 0.737037 0.100521 0.394444
2 0.915365 0.611111 0.094271 0.153704
2 0.252865 0.576852 0.042188 0.075926
2 0.709115 0.552315 0.038021 0.060185
2 0.355990 0.547685 0.019271 0.032407
3 0.982292 0.619444 0.034375 0.140741
0 0.883594 0.693981 0.121354 0.145370
0 0.705469 0.788426 0.114062 0.337963
0 0.880469 0.857870 0.235937 0.275000
0 0.350260 0.679167 0.043229 0.150926
0 0.284375 0.666667 0.046875 0.079630
0 0.250260 0.820370 0.154688 0.350000
0 0.815625 0.581019 0.011458 0.023148
3 0.264062 0.549074 0.021875 0.038889
