1 0.613542 0.563889 0.073958 0.337037
1 0.682813 0.667130 0.115625 0.532407
1 0.148438 0.643056 0.084375 0.467593
1 0.899740 0.717593 0.146354 0.564815
2 0.147396 0.462963 0.047917 0.090741
2 0.893490 0.557407 0.085938 0.203704
2 0.680469 0.443519 0.054688 0.096296
2 0.601042 0.425926 0.029167 0.051852
0 0.571615 0.420370 0.022396 0.044444
0 0.614583 0.609722 0.075000 0.243519
0 0.700260 0.755093 0.154688 0.482407
0 0.042448 0.665741 0.035937 0.077778
0 0.150521 0.780093 0.144792 0.375000
0 0.869271 0.905556 0.260417 0.188889
