1 0.056510 0.569907 0.036979 0.093519
1 0.153125 0.681019 0.071875 0.297222
1 0.230990 0.677778 0.098437 0.314815
1 0.334896 0.662037 0.117708 0.244444
1 0.332292 0.756944 0.133333 0.400926
1 0.779167 0.575463 0.036458 0.128704
1 0.719010 0.770370 0.091146 0.451852
1 0.810156 0.786574 0.123438 0.423148
3 0.148438 0.552778 0.018750 0.035185
3 0.214844 0.550463 0.023438 0.041667
3 0.320312 0.593056 0.030208 0.058333
3 0.344010 0.573148 0.034896 0.057407
0 0.049479 0.675463 0.092708 0.137963
0 0.095573 0.600926 0.040104 0.094444
0 0.257552 0.598148 0.026562 0.070370
0 0.156771 0.729630 0.063542 0.218519
0 0.183854 0.603704 0.028125 0.059259
0 0.224479 0.755093 0.113542 0.269444
0 0.330208 0.855093 0.130208 0.289815
0 0.722656 0.674074 0.081771 0.085185
0 0.732552 0.872222 0.271354 0.255556
3 0.729688 0.592130 0.056250 0.126852
3 0.774740 0.535648 0.019271 0.049074
3 0.059375 0.539815 0.013542 0.033333
3 0.810417 0.659259 0.105208 0.168519
