1 0.533594 0.557407 0.051562 0.205556
1 0.59401 0.606019 0.075521 0.293519
1 0.690365 0.742593 0.111979 0.514815
1 0.299219 0.520833 0.054688 0.143519
2 0.679167 0.555556 0.044792 0.105556
2 0.588021 0.487963 0.029167 0.068519
2 0.292969 0.474074 0.023438 0.055556
3 0.263542 0.47037 0.013542 0.027778
2 0.176563 0.486111 0.023958 0.044444
2 0.527865 0.472685 0.016146 0.037963
1 0.2541515314361257 0.5368457442650131 0.046682200569052146 0.14173844654489157
1 0.167896778590853 0.5773224276724357 0.06503881924332841 0.226759426248941
0 0.536198 0.59537 0.049479 0.164815
0 0.592969 0.650926 0.085938 0.257407
0 0.697135 0.818981 0.178646 0.362037
0 0.227344 0.499537 0.007812 0.019444
0 0.30651 0.55787 0.035937 0.050926
