1 0.467969 0.445833 0.027604 0.100926
1 0.422656 0.679167 0.178646 0.558333
1 0.902865 0.717130 0.194271 0.562037
2 0.427604 0.462500 0.047917 0.108333
2 0.895573 0.497222 0.054688 0.125926
0 0.386979 0.454630 0.028125 0.064815
0 0.469531 0.473148 0.026562 0.068519
0 0.614583 0.422222 0.009375 0.018519
0 0.588802 0.428704 0.011979 0.027778
0 0.600260 0.456481 0.034896 0.092593
0 0.401562 0.478241 0.017708 0.060185
0 0.419271 0.796759 0.191667 0.406481
0 0.886458 0.818981 0.227083 0.358333
2 0.470052 0.409722 0.010937 0.026852
2 0.383073 0.412037 0.008854 0.016667
2 0.600000 0.400000 0.012500 0.024074
1 0.383594 0.443519 0.020313 0.081481
1 0.603385 0.426389 0.029687 0.073148
