1 0.890365 0.771296 0.170313 0.451852
3 0.848177 0.596759 0.042188 0.100926
0 0.040365 0.819907 0.079687 0.219444
0 0.872917 0.885648 0.240625 0.228704
0 0.384635 0.660185 0.078646 0.138889
0 0.508073 0.579167 0.011979 0.025
0 0.496875 0.594444 0.015625 0.040741
0 0.474479 0.593056 0.029167 0.052778
0 0.469531 0.600463 0.030729 0.058333
0 0.468229 0.574537 0.017708 0.032407
0 0.539844 0.576389 0.005729 0.012037
0 0.558333 0.572222 0.007292 0.016667
0 0.550521 0.574537 0.00625 0.010185
0 0.545573 0.581019 0.008854 0.025
0 0.573958 0.578704 0.005208 0.027778
0 0.565625 0.584722 0.0125 0.036111
0 0.606771 0.57963 0.022917 0.031481
0 0.589844 0.606481 0.022396 0.068519
