1 0.744792 0.572685 0.039583 0.115741
1 0.763802 0.609722 0.058854 0.199074
1 0.726042 0.631481 0.067708 0.216667
1 0.916406 0.711574 0.104688 0.399074
1 0.942969 0.739815 0.110937 0.422222
1 0.950000 0.816667 0.097917 0.111111
1 0.658594 0.758333 0.190104 0.479630
1 0.487500 0.738426 0.104167 0.430556
1 0.249219 0.687037 0.091146 0.272222
1 0.090104 0.618519 0.057292 0.170370
1 0.401302 0.775463 0.127604 0.447222
1 0.224479 0.773611 0.141667 0.450926
1 0.167187 0.766204 0.175000 0.447222
2 0.671354 0.577778 0.070833 0.112963
2 0.420052 0.616204 0.064062 0.132407
2 0.181510 0.589352 0.046354 0.089815
2 0.471875 0.557870 0.036458 0.060185
3 0.974479 0.577315 0.044792 0.082407
0 0.801823 0.579630 0.020313 0.048148
0 0.764583 0.781481 0.064583 0.185185
0 0.573438 0.565278 0.010417 0.026852
0 0.070573 0.503704 0.030729 0.046296
0 0.160417 0.537963 0.051042 0.059259
0 0.886979 0.777778 0.105208 0.290741
0 0.942708 0.875463 0.111458 0.247222
0 0.651302 0.842130 0.200521 0.313889
0 0.482031 0.809722 0.111979 0.350926
0 0.281771 0.743056 0.079167 0.250926
0 0.067448 0.761111 0.057813 0.164815
0 0.035937 0.821759 0.070833 0.300926
0 0.385937 0.864815 0.166667 0.266667
0 0.173437 0.844444 0.175000 0.307407
3 0.949740 0.544907 0.035937 0.071296
3 0.775260 0.539352 0.023438 0.056481
3 0.749740 0.546296 0.029687 0.068519
3 0.711458 0.556944 0.038542 0.076852
3 0.238802 0.578704 0.027604 0.057407
3 0.130990 0.583796 0.041146 0.082407
2 0.100781 0.557870 0.026562 0.049074
