1 0.490885 0.614815 0.039062 0.161111
1 0.589323 0.601852 0.043229 0.107407
1 0.623698 0.675000 0.078646 0.262963
1 0.742969 0.716667 0.117188 0.361111
1 0.869792 0.755556 0.258333 0.488889
1 0.529427 0.650463 0.078646 0.232407
1 0.340625 0.683333 0.068750 0.270370
1 0.411979 0.725000 0.108333 0.340741
2 0.912760 0.596759 0.099479 0.165741
2 0.754687 0.566667 0.040625 0.068519
3 0.336719 0.568056 0.024479 0.037963
2 0.628906 0.565278 0.026562 0.041667
3 0.432292 0.583796 0.037500 0.065741
0 0.489583 0.686111 0.034375 0.111111
0 0.586458 0.670833 0.044792 0.143519
0 0.626823 0.743519 0.082812 0.255556
0 0.748177 0.793981 0.134896 0.312037
0 0.805469 0.873611 0.142187 0.249074
0 0.527344 0.756019 0.061979 0.160185
0 0.330469 0.753704 0.092188 0.216667
0 0.426302 0.849074 0.100521 0.300000
3 0.526042 0.557870 0.027083 0.058333
2 0.596094 0.562500 0.017188 0.032407
2 0.494792 0.553241 0.017708 0.036111
