1 0.853385 0.383333 0.028646 0.090741
1 0.908333 0.406019 0.046875 0.128704
1 0.044531 0.718056 0.088021 0.560185
1 0.147656 0.710648 0.155729 0.578704
2 0.146875 0.496759 0.071875 0.141667
2 0.037760 0.500926 0.069271 0.129630
0 0.947396 0.358333 0.016667 0.035185
0 0.927604 0.356481 0.025000 0.035185
3 0.907031 0.352778 0.014063 0.022222
0 0.876042 0.362500 0.022917 0.049074
0 0.841667 0.372685 0.023958 0.043519
0 0.809635 0.376852 0.035937 0.055556
0 0.854167 0.412500 0.030208 0.069444
0 0.908073 0.438889 0.049479 0.114815
0 0.530990 0.420370 0.025521 0.087037
0 0.464323 0.366204 0.024479 0.073148
0 0.469531 0.417130 0.055729 0.100926
0 0.214062 0.813426 0.427083 0.373148
0 0.830208 0.344444 0.020833 0.038889
3 0.856510 0.349074 0.008854 0.020370
