1 0.979167 0.417593 0.027083 0.111111
1 0.951562 0.433796 0.051042 0.162037
1 0.912240 0.506019 0.054688 0.239815
1 0.875000 0.515741 0.061458 0.259259
1 0.091146 0.733796 0.181250 0.532407
2 0.084635 0.618056 0.159896 0.280556
2 0.873698 0.411574 0.030729 0.041667
2 0.901563 0.413426 0.025000 0.041667
0 0.991927 0.434259 0.014063 0.048148
0 0.977604 0.462963 0.028125 0.085185
0 0.954427 0.474537 0.050521 0.134259
0 0.894010 0.586574 0.100521 0.223148
0 0.276042 0.928241 0.218750 0.143519
2 0.953906 0.366667 0.015104 0.031481
2 0.979688 0.368981 0.009375 0.017593
2 0.992188 0.371759 0.010417 0.019444
