1 0.090104 0.618981 0.058333 0.176852
1 0.247135 0.683796 0.094271 0.275000
1 0.225781 0.769444 0.146354 0.455556
1 0.166927 0.768519 0.177604 0.459259
1 0.475521 0.743519 0.132292 0.435185
1 0.399479 0.773148 0.130208 0.448148
1 0.744271 0.562963 0.040625 0.098148
1 0.763802 0.610185 0.061979 0.194444
1 0.723437 0.629630 0.066667 0.216667
1 0.660417 0.758333 0.194792 0.483333
1 0.916667 0.713889 0.106250 0.411111
1 0.941667 0.733333 0.114583 0.414815
1 0.951302 0.817130 0.095312 0.110185
2 0.672135 0.575463 0.071354 0.119444
2 0.421354 0.601389 0.060417 0.099074
2 0.181510 0.585648 0.049479 0.089815
2 0.100000 0.556019 0.019792 0.039815
2 0.470833 0.559259 0.036458 0.059259
3 0.972135 0.574537 0.039062 0.080556
0 0.489063 0.543981 0.007292 0.013889
0 0.573958 0.563889 0.014583 0.037037
0 0.788281 0.578241 0.016146 0.041667
0 0.069271 0.503241 0.033333 0.045370
0 0.147135 0.518056 0.025521 0.060185
0 0.161458 0.537963 0.048958 0.059259
0 0.066146 0.765741 0.056250 0.170370
0 0.029948 0.825463 0.056771 0.306481
0 0.281510 0.742130 0.080729 0.250926
0 0.173698 0.841204 0.173437 0.312037
0 0.478906 0.817130 0.116146 0.365741
0 0.376042 0.862963 0.151042 0.274074
0 0.644271 0.842130 0.186458 0.315741
0 0.764844 0.786111 0.060937 0.200000
0 0.885156 0.781481 0.104688 0.301852
0 0.941667 0.874074 0.113542 0.251852
0 0.194792 0.628704 0.019792 0.040741
0 0.679688 0.829630 0.148958 0.305556
3 0.951042 0.548611 0.036458 0.071296
3 0.775781 0.539352 0.026562 0.054630
2 0.750260 0.544907 0.028646 0.062037
3 0.710417 0.559259 0.036458 0.077778
3 0.238802 0.576389 0.031771 0.062037
3 0.128906 0.584722 0.039062 0.078704
