1 0.743750 0.573148 0.039583 0.112963
1 0.763021 0.606019 0.060417 0.189815
1 0.730990 0.635648 0.061979 0.223148
1 0.088281 0.627315 0.052604 0.154630
1 0.278385 0.702778 0.078646 0.329630
1 0.250781 0.686111 0.092188 0.266667
1 0.479687 0.739815 0.118750 0.425926
1 0.383854 0.774074 0.162500 0.448148
1 0.920052 0.708796 0.108854 0.391667
1 0.660156 0.761111 0.188021 0.475926
1 0.221615 0.771296 0.150521 0.455556
1 0.166667 0.770833 0.175000 0.445370
1 0.941927 0.734259 0.113021 0.435185
2 0.677344 0.576389 0.068229 0.110185
2 0.379688 0.605093 0.055208 0.100926
2 0.175521 0.587963 0.042708 0.092593
3 0.985156 0.561574 0.028646 0.078704
0 0.167187 0.540741 0.037500 0.046296
0 0.764062 0.781481 0.066667 0.187037
0 0.071094 0.761111 0.054688 0.153704
0 0.272917 0.741667 0.093750 0.246296
0 0.472135 0.807407 0.132812 0.350000
0 0.376042 0.881481 0.143750 0.235185
0 0.890365 0.782870 0.109896 0.289815
0 0.656250 0.839352 0.201042 0.313889
0 0.944792 0.876852 0.109375 0.246296
0 0.039583 0.811574 0.078125 0.289815
0 0.173437 0.842593 0.176042 0.312963
3 0.955208 0.544907 0.037500 0.063889
3 0.771615 0.540278 0.025521 0.056481
2 0.747135 0.548148 0.030729 0.061111
3 0.715885 0.557870 0.030729 0.071296
2 0.469792 0.560648 0.043750 0.067593
3 0.251563 0.564815 0.023958 0.057407
3 0.236979 0.578704 0.026042 0.051852
3 0.130469 0.585185 0.039062 0.070370
2 0.101562 0.568056 0.022917 0.039815
