1 0.764062 0.606019 0.059375 0.189815
1 0.723437 0.628704 0.067708 0.216667
1 0.086198 0.617130 0.056771 0.167593
1 0.248958 0.682407 0.090625 0.277778
1 0.487500 0.740278 0.103125 0.426852
1 0.401823 0.773611 0.130729 0.449074
1 0.223438 0.774074 0.145833 0.450000
1 0.166406 0.765741 0.173437 0.450000
1 0.920573 0.707870 0.109896 0.393519
1 0.942187 0.739815 0.113542 0.422222
1 0.657813 0.756481 0.188542 0.479630
2 0.669531 0.578241 0.071354 0.117593
2 0.421094 0.616204 0.059896 0.137963
2 0.670833 0.578704 0.068750 0.114815
2 0.180469 0.590278 0.043229 0.082407
2 0.097917 0.557870 0.022917 0.049074
2 0.472135 0.558796 0.031771 0.060185
3 0.973437 0.575926 0.044792 0.075926
0 0.806250 0.582870 0.022917 0.045370
0 0.764323 0.783796 0.065104 0.189815
0 0.069792 0.506481 0.032292 0.042593
0 0.147396 0.531944 0.030208 0.036111
0 0.162240 0.541667 0.041146 0.048148
0 0.069792 0.762500 0.056250 0.162037
0 0.274740 0.740278 0.096354 0.245370
0 0.474219 0.815741 0.125521 0.366667
0 0.394792 0.861111 0.182292 0.270370
0 0.176042 0.845833 0.180208 0.299074
0 0.889323 0.780556 0.113021 0.292593
0 0.939844 0.875000 0.117188 0.246296
0 0.653646 0.838889 0.207292 0.312963
0 0.038281 0.815741 0.075521 0.288889
3 0.950000 0.550000 0.040625 0.077778
3 0.776302 0.539352 0.028646 0.056481
3 0.710417 0.555093 0.040625 0.069444
3 0.129688 0.580556 0.039583 0.077778
3 0.238542 0.577778 0.029167 0.055556
