1 0.909115 0.402778 0.027604 0.094444
1 0.363021 0.502315 0.086458 0.189815
1 0.089323 0.591667 0.094271 0.372222
1 0.333073 0.600000 0.150521 0.433333
1 0.033854 0.730556 0.066667 0.531481
1 0.496615 0.690741 0.155729 0.485185
1 0.823177 0.671296 0.110937 0.518519
1 0.644271 0.706944 0.190625 0.586111
1 0.493750 0.731481 0.175000 0.537037
2 0.507292 0.579630 0.117708 0.229630
2 0.669792 0.539815 0.109375 0.225926
2 0.016667 0.531019 0.032292 0.136111
2 0.295312 0.436111 0.046875 0.094444
2 0.083594 0.453704 0.048438 0.081481
2 0.831510 0.454167 0.044271 0.080556
2 0.364063 0.443056 0.033333 0.062037
0 0.965885 0.400926 0.020313 0.038889
0 0.909635 0.419444 0.060937 0.083333
0 0.250260 0.504167 0.027604 0.058333
0 0.401823 0.557407 0.105729 0.109259
0 0.161198 0.664352 0.097396 0.223148
0 0.307812 0.731944 0.243750 0.476852
0 0.147135 0.824074 0.289062 0.348148
0 0.458073 0.795833 0.306771 0.400926
0 0.833073 0.727315 0.156771 0.384259
0 0.757812 0.786111 0.158333 0.424074
0 0.946875 0.409259 0.038542 0.048148
2 0.910417 0.365278 0.010417 0.021296
2 0.485677 0.471296 0.045312 0.051852
