1 0.449219 0.491667 0.045312 0.131481
1 0.771615 0.639352 0.073438 0.415741
1 0.837240 0.675463 0.120313 0.449074
1 0.395313 0.574537 0.094792 0.319444
2 0.392448 0.443519 0.033854 0.050000
2 0.817448 0.502778 0.059896 0.100000
2 0.779167 0.475000 0.029167 0.077778
2 0.447135 0.440741 0.016146 0.027778
0 0.679167 0.472685 0.020833 0.039815
0 0.469010 0.403704 0.002604 0.005556
0 0.470313 0.437500 0.005208 0.012037
0 0.482552 0.455093 0.008854 0.026852
0 0.446094 0.542130 0.050521 0.137963
0 0.785677 0.802315 0.172396 0.389815
0 0.397396 0.664352 0.107292 0.302778
