1 0.530729 0.66713 0.18125 0.549074
1 0.896615 0.457407 0.060937 0.190741
2 0.515625 0.439352 0.060417 0.089815
2 0.897656 0.38287 0.025521 0.049074
0 0.25599 0.548611 0.072396 0.280556
0 0.214323 0.593519 0.126562 0.340741
0 0.122656 0.610648 0.134896 0.365741
0 0.030208 0.605556 0.059375 0.385185
0 0.488542 0.78287 0.29375 0.434259
0 0.832552 0.468981 0.074479 0.134259
0 0.933594 0.411111 0.058854 0.072222
0 0.947396 0.411111 0.044792 0.07037
0 0.960417 0.405093 0.021875 0.034259
0 0.894271 0.512037 0.082292 0.181481
