1 0.47526 0.485648 0.035937 0.128704
1 0.517969 0.502778 0.051562 0.159259
1 0.838542 0.753704 0.20625 0.492593
2 0.860156 0.560185 0.058854 0.092593
2 0.523958 0.439815 0.016667 0.033333
2 0.477344 0.433796 0.013021 0.025
0 0.451562 0.420833 0.013542 0.026852
0 0.464323 0.449537 0.010937 0.030556
0 0.475521 0.514815 0.0375 0.111111
0 0.514062 0.563426 0.044792 0.137963
0 0.510417 0.418056 0.00625 0.017593
0 0.513802 0.422222 0.007812 0.022222
0 0.53099 0.435185 0.006771 0.025926
0 0.534375 0.421296 0.00625 0.018519
0 0.690104 0.452778 0.026042 0.037037
0 0.661719 0.463889 0.040104 0.048148
0 0.907031 0.527778 0.041146 0.094444
0 0.863542 0.833796 0.265625 0.332407
0 0.433073 0.4375 0.007812 0.026852
0 0.444792 0.4125 0.007292 0.021296
0 0.413021 0.468981 0.01875 0.04537
0 0.398698 0.469907 0.028646 0.067593
0 0.388021 0.486111 0.021875 0.072222
0 0.024479 0.810185 0.047917 0.37963
