1 0.634896 0.425926 0.027083 0.101852
1 0.669792 0.477315 0.051042 0.180556
1 0.702865 0.526852 0.082812 0.294444
1 0.814063 0.557407 0.079167 0.314815
1 0.883333 0.699537 0.157292 0.587963
1 0.135417 0.469444 0.029167 0.094444
1 0.019271 0.515278 0.037500 0.147222
2 0.005990 0.456019 0.010937 0.026852
2 0.163542 0.424537 0.014583 0.021296
2 0.133073 0.430556 0.011979 0.018519
2 0.705469 0.407407 0.024479 0.055556
2 0.821615 0.437963 0.034896 0.079630
2 0.892969 0.483796 0.079687 0.160185
3 0.672135 0.406481 0.016146 0.037037
1 0.162500 0.476389 0.035417 0.108333
0 0.634896 0.447685 0.028125 0.091667
0 0.673698 0.530093 0.053646 0.158333
0 0.703385 0.616667 0.100521 0.292593
0 0.823698 0.618519 0.126562 0.237037
0 0.865365 0.818981 0.269271 0.362037
0 0.322396 0.431944 0.018750 0.045370
0 0.166667 0.505093 0.043750 0.089815
0 0.132292 0.504167 0.040625 0.080556
0 0.025521 0.550000 0.050000 0.114815
2 0.633594 0.387500 0.009896 0.025000
