1 0.479167 0.775926 0.113542 0.444444
1 0.358594 0.777778 0.090104 0.401852
1 0.289062 0.796759 0.093750 0.406481
1 0.530990 0.673611 0.060937 0.234259
1 0.590365 0.780556 0.089063 0.414815
1 0.657552 0.794907 0.100521 0.410185
1 0.927083 0.772685 0.143750 0.454630
3 0.934115 0.620370 0.079687 0.144444
3 0.484115 0.593519 0.026562 0.048148
3 0.630208 0.632407 0.035417 0.088889
3 0.303385 0.629630 0.030729 0.057407
0 0.528646 0.723611 0.052083 0.197222
0 0.189062 0.838426 0.143750 0.323148
0 0.327344 0.839352 0.177604 0.321296
0 0.492188 0.853241 0.163542 0.293519
0 0.636719 0.862963 0.176563 0.270370
0 0.848698 0.913889 0.193229 0.170370
3 0.605729 0.615741 0.028125 0.074074
3 0.521354 0.568519 0.021875 0.035185
3 0.327865 0.605093 0.028646 0.060185
