1 0.488802 0.554167 0.029687 0.093519
1 0.437500 0.637037 0.068750 0.218519
1 0.430469 0.625000 0.063021 0.212963
1 0.101562 0.771759 0.196875 0.454630
2 0.070052 0.616204 0.079687 0.126852
0 0.571875 0.525926 0.009375 0.024074
0 0.519531 0.553241 0.019271 0.056481
0 0.475521 0.543981 0.019792 0.047222
0 0.492969 0.575000 0.030729 0.087037
0 0.453385 0.553704 0.021354 0.053704
0 0.439844 0.700463 0.073438 0.176852
0 0.309375 0.536574 0.033333 0.039815
0 0.265365 0.532407 0.019271 0.027778
0 0.255990 0.545833 0.035937 0.054630
0 0.280990 0.572222 0.034896 0.068519
0 0.105729 0.873148 0.210417 0.250000
3 0.489063 0.515741 0.007292 0.016667
3 0.425521 0.537500 0.015625 0.034259
2 0.438281 0.546296 0.011979 0.038889
