1 0.840365 0.490278 0.079687 0.187963
1 0.883594 0.480556 0.084896 0.133333
1 0.721615 0.494907 0.048438 0.180556
1 0.762500 0.666667 0.079167 0.516667
1 0.820833 0.721296 0.130208 0.553704
2 0.815365 0.509722 0.058854 0.113889
2 0.771615 0.456944 0.044271 0.084259
0 0.661979 0.473611 0.019792 0.047222
0 0.879948 0.447222 0.013021 0.051852
0 0.887500 0.455093 0.025000 0.047222
0 0.908594 0.474074 0.026562 0.074074
0 0.894792 0.625926 0.083333 0.303704
0 0.722917 0.536574 0.078125 0.139815
0 0.154167 0.526389 0.025000 0.045370
0 0.129427 0.529630 0.035937 0.051852
0 0.102865 0.532870 0.040104 0.052778
0 0.836979 0.803704 0.186458 0.392593
2 0.714323 0.428241 0.021354 0.037963
2 0.864844 0.449074 0.034896 0.062963
2 0.818750 0.424074 0.031250 0.055556
