1 0.673177 0.488426 0.043229 0.139815
1 0.765365 0.549074 0.092188 0.287037
1 0.917969 0.704167 0.163021 0.591667
1 0.616406 0.650463 0.141146 0.439815
2 0.907031 0.482407 0.068229 0.138889
2 0.602865 0.478241 0.039062 0.086111
2 0.758854 0.435185 0.023958 0.057407
2 0.671354 0.437500 0.014583 0.036111
0 0.573958 0.481944 0.020833 0.049074
0 0.627865 0.489352 0.022396 0.056481
0 0.673177 0.529167 0.055729 0.149074
0 0.762500 0.650000 0.109375 0.246296
0 0.903906 0.814352 0.192188 0.371296
0 0.617188 0.789815 0.157292 0.416667
