1 0.679948 0.590741 0.032813 0.122222
1 0.169792 0.790741 0.213542 0.416667
3 0.134115 0.631019 0.058854 0.093519
0 0.011719 0.635185 0.022396 0.062963
0 0.942448 0.485185 0.004687 0.009259
0 0.671094 0.529167 0.010937 0.026852
0 0.729948 0.568519 0.030729 0.038889
0 0.678906 0.600463 0.069271 0.099074
0 0.236979 0.870370 0.108333 0.259259
0 0.031250 0.913889 0.061458 0.172222
0 0.740885 0.510185 0.004687 0.020370
0 0.952083 0.488889 0.004167 0.012963
0 0.905729 0.493056 0.005208 0.015741
3 0.684115 0.540278 0.010937 0.021296
