1 0.409115 0.512037 0.053646 0.172222
1 0.042448 0.606944 0.083854 0.326852
1 0.265365 0.715741 0.133854 0.516667
1 0.167708 0.720833 0.156250 0.558333
2 0.160938 0.506019 0.069792 0.121296
2 0.232813 0.509259 0.052083 0.096296
2 0.408594 0.443056 0.017188 0.034259
0 0.486719 0.464352 0.017188 0.034259
0 0.463281 0.448148 0.008854 0.022222
0 0.349740 0.505093 0.033854 0.082407
0 0.405729 0.559259 0.055208 0.155556
0 0.220833 0.566204 0.100000 0.175000
0 0.047917 0.569444 0.056250 0.201852
0 0.103906 0.540741 0.058854 0.114815
0 0.063542 0.697222 0.126042 0.324074
0 0.225000 0.810185 0.242708 0.379630
3 0.024219 0.483333 0.041146 0.074074
