1 0.543229 0.587963 0.028125 0.107407
1 0.562760 0.581944 0.023438 0.100926
1 0.469010 0.588889 0.029687 0.105556
1 0.300000 0.602315 0.039583 0.126852
1 0.327344 0.595833 0.032813 0.123148
1 0.110677 0.800463 0.220312 0.399074
3 0.043750 0.657870 0.073958 0.119444
0 0.463542 0.608333 0.065625 0.081481
0 0.544531 0.602315 0.070312 0.093519
0 0.853385 0.524537 0.013021 0.036111
0 0.297656 0.628241 0.095312 0.110185
0 0.150260 0.894907 0.168229 0.210185
2 0.306250 0.552778 0.016667 0.025926
3 0.327865 0.547222 0.013021 0.025926
3 0.471354 0.545370 0.011458 0.018519
3 0.564063 0.544444 0.011458 0.020370
2 0.544271 0.549074 0.009375 0.024074
