1 0.202083 0.788426 0.184375 0.423148
3 0.18099 0.626389 0.068229 0.089815
0 0.618229 0.54537 0.0125 0.040741
0 0.723958 0.51713 0.010417 0.023148
0 0.636979 0.582407 0.025 0.061111
0 0.691927 0.5875 0.030729 0.080556
0 0.710417 0.603241 0.055208 0.091667
0 0.90651 0.500926 0.006771 0.022222
0 0.95026 0.490278 0.006771 0.017593
0 0.986198 0.544907 0.020313 0.05463
0 0.015625 0.633333 0.030208 0.072222
0 0.219531 0.8625 0.172396 0.275
0 0.045573 0.864815 0.090104 0.266667
0 0.940625 0.498611 0.005208 0.013889
