1 0.473438 0.625463 0.037500 0.137963
1 0.431771 0.744444 0.068750 0.381481
1 0.394010 0.730093 0.094271 0.317593
1 0.261198 0.792593 0.141146 0.414815
1 0.876042 0.771759 0.156250 0.456481
1 0.510938 0.667593 0.064583 0.238889
1 0.554948 0.722222 0.054688 0.294444
1 0.593490 0.758796 0.084896 0.358333
3 0.880990 0.624074 0.080729 0.142593
3 0.264844 0.644907 0.048438 0.095370
3 0.388542 0.605556 0.028125 0.061111
3 0.591667 0.612037 0.026042 0.064815
3 0.562500 0.602778 0.025000 0.048148
3 0.416667 0.590741 0.023958 0.037037
0 0.119792 0.866667 0.156250 0.266667
0 0.268490 0.866667 0.232813 0.259259
0 0.455729 0.694907 0.029167 0.147222
0 0.413542 0.828241 0.108333 0.291667
0 0.477344 0.683333 0.047396 0.120370
0 0.514062 0.736574 0.061458 0.193519
0 0.574219 0.847222 0.123438 0.303704
0 0.759635 0.904630 0.158854 0.188889
3 0.511719 0.568981 0.020313 0.041667
3 0.472656 0.568056 0.013021 0.026852
