1 0.932031 0.455556 0.031771 0.155556
1 0.919792 0.475463 0.033333 0.182407
1 0.905208 0.481944 0.042708 0.204630
1 0.801042 0.493056 0.077083 0.232407
1 0.880469 0.553241 0.117188 0.321296
1 0.608854 0.669444 0.164583 0.516667
2 0.585417 0.472222 0.057292 0.105556
2 0.794271 0.401852 0.029167 0.044444
2 0.876563 0.422222 0.030208 0.048148
2 0.894531 0.393519 0.015104 0.025926
0 0.703906 0.425463 0.074479 0.078704
0 0.987760 0.590278 0.020313 0.136111
0 0.937760 0.464352 0.026562 0.119444
0 0.927865 0.500000 0.036979 0.155556
0 0.796875 0.541667 0.085417 0.212963
0 0.867969 0.649537 0.138021 0.330556
0 0.586458 0.631019 0.184375 0.260185
0 0.584115 0.786111 0.253646 0.424074
0 0.149219 0.848611 0.219271 0.302778
0 0.823177 0.368056 0.024479 0.026852
2 0.913802 0.400463 0.016146 0.034259
2 0.926562 0.392130 0.010417 0.028704
