1 0.377083 0.494907 0.044792 0.137963
1 0.428385 0.526852 0.049479 0.181481
1 0.550000 0.522685 0.038542 0.195370
1 0.581510 0.595833 0.071354 0.225000
1 0.570312 0.566667 0.092708 0.266667
1 0.154167 0.726852 0.187500 0.540741
2 0.164323 0.519444 0.058854 0.114815
2 0.573177 0.459722 0.029687 0.047222
2 0.379427 0.438889 0.016146 0.029630
2 0.424740 0.454167 0.019271 0.037963
2 0.552083 0.447222 0.017708 0.046296
0 0.338281 0.474537 0.014063 0.036111
0 0.595052 0.460648 0.026562 0.047222
0 0.395833 0.457407 0.008333 0.024074
0 0.423438 0.581944 0.071875 0.199074
0 0.578385 0.655556 0.095312 0.281481
0 0.375260 0.527778 0.046354 0.142593
0 0.511458 0.480093 0.020833 0.076852
0 0.628646 0.471296 0.050000 0.066667
0 0.681771 0.461574 0.020833 0.058333
0 0.653646 0.476389 0.066667 0.080556
0 0.165625 0.809722 0.257292 0.378704
3 0.570573 0.510648 0.026562 0.049074
