1 0.625781 0.443056 0.040104 0.143519
1 0.678125 0.526852 0.088542 0.324074
1 0.567969 0.461111 0.033854 0.157407
1 0.823698 0.550926 0.111979 0.357407
1 0.914844 0.679630 0.131771 0.640741
1 0.955729 0.700926 0.088542 0.598148
1 0.126823 0.719444 0.182812 0.559259
3 0.124219 0.504167 0.056771 0.123148
2 0.917708 0.440741 0.069792 0.179630
2 0.809635 0.413889 0.046354 0.087037
2 0.626042 0.387037 0.017708 0.033333
2 0.682813 0.393981 0.026042 0.058333
2 0.557813 0.394907 0.009375 0.023148
0 0.604948 0.402315 0.009896 0.025000
0 0.639323 0.427315 0.027604 0.069444
0 0.626302 0.478241 0.050521 0.136111
0 0.682813 0.605093 0.093750 0.245370
0 0.666406 0.457870 0.041146 0.084259
0 0.825260 0.649074 0.128646 0.305556
0 0.909375 0.840741 0.179167 0.314815
0 0.017448 0.831944 0.033854 0.243519
0 0.148438 0.838889 0.251042 0.322222
2 0.984375 0.480093 0.031250 0.158333
