1 0.806510 0.715278 0.183854 0.569444
2 0.815104 0.485185 0.050000 0.111111
0 0.911979 0.434722 0.037500 0.075000
0 0.665365 0.518519 0.030729 0.150000
0 0.647656 0.553704 0.015104 0.151852
0 0.400781 0.453704 0.015104 0.061111
0 0.396615 0.469907 0.011979 0.034259
0 0.346615 0.455556 0.066146 0.111111
0 0.335677 0.460648 0.049479 0.075000
0 0.311198 0.491204 0.100521 0.145370
0 0.271094 0.489815 0.135937 0.187037
0 0.161719 0.442130 0.043229 0.110185
0 0.137500 0.493056 0.108333 0.186111
0 0.084115 0.623611 0.167187 0.430556
0 0.808333 0.787500 0.191667 0.425000
