1 0.069271 0.481944 0.05 0.123148
1 0.138542 0.678241 0.163542 0.532407
1 0.25599 0.468981 0.039062 0.139815
1 0.244792 0.475926 0.051042 0.133333
1 0.519531 0.673148 0.150521 0.485185
2 0.513542 0.478704 0.038542 0.094444
2 0.136198 0.458796 0.042188 0.089815
3 0.057552 0.432407 0.013021 0.025926
2 0.233854 0.423148 0.01875 0.02963
2 0.246875 0.413889 0.013542 0.024074
0 0.068229 0.518981 0.064583 0.132407
0 0.142187 0.766667 0.182292 0.455556
0 0.252344 0.508796 0.053646 0.141667
0 0.28099 0.447685 0.013021 0.067593
0 0.517448 0.816204 0.154688 0.367593
