1 0.623698 0.407407 0.028646 0.092593
1 0.714844 0.431019 0.044271 0.143519
1 0.882292 0.403704 0.048958 0.094444
1 0.808073 0.488426 0.052604 0.225
1 0.828646 0.483796 0.045833 0.221296
1 0.895833 0.6125 0.165625 0.449074
1 0.686458 0.65 0.171875 0.535185
1 0.064062 0.509259 0.047917 0.137037
2 0.053125 0.458333 0.019792 0.031481
2 0.671354 0.431481 0.046875 0.092593
2 0.709115 0.373148 0.018229 0.031481
3 0.620573 0.371296 0.009896 0.02037
2 0.709896 0.371759 0.013542 0.030556
2 0.867708 0.369907 0.01875 0.030556
2 0.863802 0.430556 0.044271 0.074074
3 0.807292 0.4 0.01875 0.044444
3 0.835156 0.405093 0.016146 0.049074
0 0.283073 0.430093 0.014063 0.036111
0 0.379427 0.424537 0.024479 0.060185
0 0.611198 0.399074 0.015104 0.048148
0 0.623698 0.427778 0.024479 0.077778
0 0.714844 0.468981 0.042188 0.115741
0 0.884896 0.449537 0.041667 0.067593
0 0.85 0.606481 0.122917 0.262963
0 0.886198 0.730093 0.200521 0.399074
0 0.948958 0.891667 0.102083 0.216667
0 0.682031 0.768981 0.182812 0.462037
0 0.065625 0.541204 0.072917 0.137963
0 0.570573 0.394444 0.017188 0.042593
