1 0.660156 0.514815 0.032813 0.175926
1 0.788542 0.733796 0.181250 0.523148
2 0.791406 0.529630 0.052604 0.120370
0 0.662500 0.560648 0.032292 0.156481
0 0.639844 0.592593 0.032813 0.166667
0 0.398698 0.491667 0.021354 0.068519
0 0.361979 0.502315 0.032292 0.112037
0 0.315365 0.460648 0.021354 0.025000
0 0.330729 0.521296 0.060417 0.111111
0 0.305729 0.536574 0.107292 0.150926
0 0.266927 0.535185 0.127604 0.188889
0 0.792969 0.805556 0.181771 0.381481
0 0.156510 0.488426 0.050521 0.108333
0 0.133333 0.531481 0.110417 0.185185
0 0.080469 0.665741 0.155729 0.427778
2 0.663542 0.445833 0.014583 0.039815
