1 0.086979 0.732407 0.172917 0.535185
1 0.448437 0.490741 0.037500 0.122222
1 0.565104 0.523611 0.042708 0.149074
1 0.502344 0.527315 0.052604 0.171296
1 0.627083 0.588426 0.086458 0.284259
3 0.084635 0.516204 0.053646 0.093519
2 0.615104 0.476389 0.029167 0.058333
3 0.561719 0.465741 0.014063 0.031481
2 0.503646 0.464352 0.017708 0.041667
2 0.448177 0.445833 0.011979 0.030556
0 0.209375 0.423148 0.007292 0.016667
0 0.224479 0.431481 0.006250 0.020370
0 0.359115 0.445833 0.015104 0.037963
0 0.253385 0.442593 0.017188 0.046296
0 0.273698 0.453704 0.015104 0.038889
0 0.298177 0.468981 0.023438 0.069444
0 0.247135 0.423148 0.003646 0.007407
0 0.203125 0.529630 0.016667 0.087037
0 0.075521 0.802315 0.150000 0.395370
0 0.423958 0.469907 0.009375 0.030556
0 0.558854 0.484259 0.051042 0.064815
0 0.662500 0.479630 0.009375 0.020370
0 0.657813 0.476852 0.009375 0.027778
0 0.451562 0.525463 0.041667 0.121296
0 0.568229 0.564352 0.052083 0.139815
0 0.504427 0.577315 0.058854 0.167593
0 0.619531 0.661574 0.095312 0.217593
