1 0.625521 0.481944 0.032292 0.095370
1 0.462760 0.500926 0.030729 0.098148
1 0.807292 0.737963 0.192708 0.524074
2 0.791146 0.540278 0.058333 0.123148
3 0.462760 0.461574 0.010937 0.021296
2 0.579427 0.444907 0.009896 0.023148
0 0.567187 0.477778 0.017708 0.053704
0 0.581510 0.498148 0.030729 0.085185
0 0.572396 0.441204 0.005208 0.017593
0 0.614323 0.447222 0.008854 0.022222
0 0.624219 0.491667 0.029687 0.083333
0 0.489063 0.460648 0.006250 0.008333
0 0.493229 0.468981 0.009375 0.019444
0 0.462760 0.525463 0.032813 0.089815
0 0.032552 0.646296 0.064062 0.087037
0 0.812760 0.825000 0.203646 0.346296
