1 0.635938 0.469444 0.031250 0.124074
1 0.689844 0.544444 0.081771 0.272222
1 0.835417 0.500463 0.105208 0.169444
1 0.732552 0.698611 0.076563 0.582407
1 0.793490 0.714352 0.113021 0.571296
2 0.782292 0.499074 0.045833 0.127778
2 0.742969 0.454167 0.042188 0.080556
0 0.609635 0.459722 0.015104 0.049074
0 0.619271 0.470370 0.022917 0.061111
0 0.638281 0.510185 0.044271 0.124074
0 0.695312 0.596759 0.089583 0.173148
0 0.851302 0.600926 0.061979 0.137037
0 0.814063 0.839352 0.259375 0.321296
0 0.120833 0.931481 0.129167 0.135185
2 0.805990 0.452778 0.035937 0.077778
2 0.687500 0.440278 0.027083 0.058333
2 0.637240 0.427315 0.015104 0.030556
