1 0.621094 0.445370 0.025521 0.107407
1 0.644792 0.480556 0.045833 0.170370
1 0.751823 0.532870 0.088021 0.263889
1 0.426563 0.540278 0.083333 0.282407
1 0.923958 0.693056 0.148958 0.571296
2 0.927344 0.467593 0.059896 0.125926
2 0.740625 0.428704 0.031250 0.057407
2 0.433073 0.427315 0.027604 0.060185
2 0.643229 0.412963 0.013542 0.029630
0 0.592708 0.425000 0.012500 0.031481
0 0.619792 0.466667 0.026042 0.094444
0 0.645833 0.505556 0.046875 0.151852
0 0.747135 0.604630 0.098437 0.279630
0 0.426823 0.628704 0.084896 0.229630
0 0.891667 0.793056 0.212500 0.369444
2 0.623177 0.403241 0.013021 0.025000
