1 0.682031 0.492593 0.059896 0.157407
1 0.555208 0.487963 0.028125 0.124074
1 0.810937 0.598611 0.121875 0.380556
1 0.630729 0.658796 0.146875 0.449074
1 0.613802 0.491667 0.082812 0.144444
1 0.133333 0.735185 0.188542 0.525926
3 0.144271 0.531481 0.057292 0.124074
2 0.793229 0.456944 0.041667 0.087963
2 0.615365 0.479630 0.032813 0.090741
0 0.653646 0.485185 0.011458 0.055556
0 0.684375 0.583796 0.062500 0.176852
0 0.558073 0.494444 0.021354 0.088889
0 0.804948 0.731944 0.135937 0.343519
0 0.625781 0.791204 0.164062 0.410185
0 0.157552 0.856944 0.260937 0.286111
2 0.600000 0.460648 0.033333 0.086111
2 0.678646 0.443056 0.022917 0.052778
2 0.549219 0.438889 0.013021 0.027778
