1 0.439063 0.594907 0.029167 0.087963
1 0.236458 0.667593 0.059375 0.177778
1 0.300260 0.720833 0.082812 0.265741
1 0.189062 0.807407 0.123958 0.385185
1 0.091146 0.802315 0.125000 0.395370
3 0.104688 0.677315 0.069792 0.128704
2 0.190625 0.671296 0.078125 0.127778
2 0.222396 0.593981 0.020833 0.034259
3 0.289844 0.604630 0.021354 0.035185
0 0.528646 0.556019 0.013542 0.028704
0 0.680469 0.526852 0.007812 0.018519
0 0.449219 0.610648 0.036979 0.086111
0 0.241927 0.700926 0.055729 0.164815
0 0.291406 0.796296 0.106771 0.261111
0 0.275000 0.880093 0.143750 0.232407
0 0.780208 0.548611 0.013542 0.034259
0 0.849219 0.511111 0.005729 0.007407
0 0.862240 0.511111 0.010937 0.011111
0 0.886198 0.555093 0.016146 0.043519
3 0.431771 0.559722 0.008333 0.013889
2 0.444010 0.562037 0.013021 0.018519
1 0.450260 0.592130 0.025521 0.078704
