1 0.645312 0.471759 0.044792 0.125000
1 0.583854 0.504167 0.042708 0.176852
1 0.713802 0.589352 0.076563 0.369444
1 0.860156 0.631481 0.083854 0.466667
1 0.939844 0.700463 0.120313 0.599074
1 0.123438 0.740741 0.183333 0.518519
3 0.124219 0.546759 0.058854 0.126852
2 0.965365 0.513426 0.069271 0.212037
2 0.866667 0.449074 0.048958 0.094444
2 0.709896 0.441667 0.020833 0.074074
2 0.574740 0.440741 0.016146 0.037037
0 0.647135 0.531019 0.054688 0.150926
0 0.677344 0.508796 0.025521 0.087963
0 0.580469 0.518519 0.039062 0.120370
0 0.709115 0.675926 0.101562 0.272222
0 0.863802 0.721296 0.122396 0.320370
0 0.895573 0.931944 0.079687 0.126852
0 0.012760 0.874074 0.024479 0.246296
0 0.148958 0.850926 0.247917 0.290741
2 0.647135 0.427778 0.016146 0.037037
