1 0.598958 0.518981 0.044792 0.145370
1 0.549219 0.658796 0.123438 0.419444
1 0.725260 0.559259 0.089063 0.222222
1 0.828385 0.644444 0.127604 0.394444
1 0.903906 0.725926 0.189062 0.548148
2 0.542708 0.493981 0.044792 0.084259
2 0.928906 0.557407 0.095312 0.211111
2 0.826042 0.486574 0.054167 0.087963
2 0.711719 0.475000 0.020313 0.051852
3 0.596875 0.464352 0.015625 0.032407
0 0.434115 0.474074 0.011979 0.033333
0 0.608854 0.474074 0.013542 0.012963
0 0.627865 0.528704 0.040104 0.109259
0 0.597135 0.564352 0.047396 0.125000
0 0.549740 0.806019 0.122396 0.360185
0 0.723177 0.612500 0.102604 0.237963
0 0.827344 0.730093 0.150521 0.306481
0 0.878906 0.903704 0.242188 0.192593
