1 0.186458 0.528704 0.094792 0.287037
1 0.591406 0.545833 0.117188 0.208333
1 0.432031 0.568519 0.066146 0.264815
1 0.928646 0.730556 0.141667 0.538889
1 0.518229 0.675926 0.168750 0.514815
3 0.909375 0.521296 0.061458 0.116667
2 0.506771 0.495833 0.075000 0.132407
2 0.436719 0.481481 0.042188 0.087037
2 0.573177 0.477315 0.039062 0.067593
2 0.174740 0.421296 0.025521 0.055556
0 0.139583 0.502315 0.033333 0.093519
0 0.186979 0.609259 0.115625 0.253704
0 0.652865 0.723148 0.158854 0.355556
0 0.382292 0.675000 0.071875 0.212963
0 0.866667 0.862037 0.265625 0.272222
0 0.537500 0.793056 0.333333 0.413889
