1 0.357552 0.627315 0.124479 0.402778
1 0.678646 0.514815 0.073958 0.235185
1 0.078906 0.718519 0.150521 0.559259
2 0.082812 0.498611 0.0625 0.117593
2 0.36901 0.47037 0.041146 0.083333
2 0.669531 0.427315 0.028646 0.05463
0 0.55026 0.406944 0.006771 0.017593
0 0.524219 0.414815 0.008854 0.024074
0 0.54375 0.413426 0.009375 0.026852
0 0.533333 0.439815 0.023958 0.055556
0 0.359115 0.750926 0.155729 0.438889
0 0.679167 0.6 0.091667 0.255556
0 0.800521 0.409259 0.041667 0.059259
0 0.817969 0.402778 0.044271 0.074074
0 0.851302 0.400463 0.055729 0.082407
0 0.10651 0.840278 0.210938 0.306481
0 0.30599 0.460648 0.010937 0.030556
