1 0.017448 0.514815 0.033854 0.238889
1 0.046875 0.524074 0.071875 0.262963
1 0.251823 0.708333 0.154688 0.581481
1 0.393229 0.722685 0.200000 0.554630
3 0.340365 0.501852 0.056771 0.103704
0 0.050000 0.609722 0.080208 0.228704
0 0.219531 0.631944 0.080729 0.221296
0 0.296094 0.641204 0.168229 0.299074
0 0.402083 0.820833 0.329167 0.358333
0 0.761979 0.607407 0.061458 0.222222
0 0.895573 0.621296 0.078646 0.301852
3 0.282292 0.480556 0.058333 0.120370
3 0.038021 0.423148 0.022917 0.055556
3 0.017448 0.418981 0.023438 0.058333
