1 0.5375 0.59213 0.028125 0.097222
1 0.413021 0.661574 0.066667 0.200926
1 0.908854 0.789815 0.182292 0.42037
2 0.944792 0.606944 0.058333 0.071296
2 0.405208 0.580093 0.020833 0.034259
3 0.540625 0.552778 0.009375 0.016667
3 0.432031 0.569907 0.010937 0.019444
2 0.565104 0.541667 0.009375 0.016667
1 0.5637635290601771 0.6031864237111961 0.03201851318490542 0.10778085762325962
0 0.895833 0.589815 0.03125 0.066667
0 0.565625 0.584259 0.023958 0.059259
0 0.538542 0.616667 0.0375 0.098148
0 0.434115 0.639815 0.033854 0.085185
0 0.409635 0.72963 0.058854 0.183333
0 0.904687 0.881944 0.190625 0.236111
