1 0.215365 0.790741 0.142187 0.412963
1 0.083594 0.770833 0.159896 0.458333
3 0.13099 0.606944 0.067187 0.128704
3 0.176042 0.637963 0.026042 0.07963
0 0.170052 0.88287 0.252604 0.234259
0 0.373177 0.588426 0.027604 0.065741
0 0.354948 0.602778 0.028646 0.077778
0 0.408073 0.575926 0.023438 0.055556
0 0.440104 0.575 0.015625 0.040741
0 0.507292 0.544444 0.008333 0.02037
0 0.523958 0.575926 0.016667 0.044444
0 0.614583 0.593519 0.045833 0.064815
0 0.652344 0.596296 0.049479 0.074074
0 0.654687 0.561574 0.029167 0.041667
0 0.685417 0.57037 0.028125 0.074074
0 0.721875 0.572685 0.04375 0.056481
0 0.742969 0.608333 0.067187 0.12963
0 0.758073 0.632407 0.031771 0.125926
0 0.801302 0.653241 0.035937 0.139815
0 0.822396 0.592593 0.027083 0.051852
0 0.839583 0.679167 0.064583 0.143519
0 0.930469 0.668056 0.126562 0.136111
0 0.947917 0.702778 0.1 0.177778
0 0.469271 0.542593 0.005208 0.011111
0 0.490365 0.589815 0.026562 0.07037
0 0.472656 0.577778 0.008854 0.046296
