1 0.722396 0.474537 0.036458 0.10463
1 0.891406 0.721296 0.217188 0.557407
1 0.623177 0.524074 0.064062 0.198148
1 0.558854 0.594907 0.101042 0.328704
2 0.91901 0.532407 0.096354 0.162963
2 0.552344 0.46713 0.035937 0.067593
2 0.623177 0.446759 0.018229 0.039815
2 0.727344 0.438889 0.017188 0.037037
0 0.665104 0.478704 0.017708 0.059259
0 0.713281 0.530556 0.041146 0.085185
0 0.873177 0.892593 0.252604 0.214815
0 0.623177 0.597222 0.061979 0.174074
0 0.559635 0.686111 0.114062 0.327778
0 0.376563 0.498148 0.019792 0.055556
