1 0.346615 0.498148 0.044271 0.105556
1 0.142969 0.536111 0.028646 0.111111
1 0.097917 0.600926 0.152083 0.242593
1 0.787760 0.577778 0.051562 0.275926
1 0.836458 0.609259 0.131250 0.314815
1 0.746875 0.721296 0.198958 0.557407
2 0.074479 0.515741 0.033333 0.057407
2 0.714323 0.509259 0.066146 0.127778
3 0.820052 0.494907 0.034896 0.071296
3 0.789062 0.484722 0.029167 0.084259
0 0.347656 0.524537 0.045312 0.087963
0 0.139844 0.602778 0.041146 0.044444
0 0.091667 0.700926 0.179167 0.194444
0 0.031771 0.631019 0.035417 0.062037
0 0.840625 0.575463 0.056250 0.097222
0 0.562240 0.485185 0.064062 0.098148
0 0.733594 0.817130 0.230729 0.365741
2 0.342708 0.461111 0.017708 0.025926
2 0.140885 0.499074 0.022396 0.037037
