1 0.823438 0.596759 0.085417 0.410185
1 0.821615 0.581019 0.057813 0.234259
1 0.735938 0.577778 0.043750 0.227778
1 0.768750 0.603704 0.096875 0.388889
1 0.434115 0.627778 0.198437 0.525926
1 0.259896 0.719444 0.146875 0.546296
2 0.289583 0.531944 0.101042 0.162037
2 0.389844 0.483333 0.095312 0.174074
2 0.801823 0.429167 0.030729 0.049074
2 0.769010 0.442130 0.034896 0.045370
0 0.807292 0.653704 0.125000 0.361111
0 0.971094 0.714352 0.056771 0.371296
0 0.396875 0.798148 0.491667 0.396296
3 0.734896 0.483796 0.018750 0.037963
