1 0.612500 0.571759 0.031250 0.110185
1 0.131771 0.771296 0.256250 0.457407
1 0.474479 0.583333 0.039583 0.127778
3 0.477604 0.533796 0.012500 0.025000
0 0.571094 0.575926 0.024479 0.066667
0 0.607552 0.591667 0.041146 0.074074
0 0.696354 0.578241 0.046875 0.056481
0 0.758333 0.592593 0.030208 0.074074
0 0.782813 0.672685 0.112500 0.143519
0 0.852344 0.725000 0.109896 0.150000
0 0.856510 0.754630 0.082812 0.174074
0 0.142448 0.653704 0.057813 0.161111
0 0.184375 0.891204 0.182292 0.215741
0 0.394531 0.549537 0.021354 0.062037
0 0.405729 0.528241 0.011458 0.034259
0 0.386198 0.539815 0.031771 0.044444
0 0.475521 0.618056 0.038542 0.115741
3 0.081510 0.620370 0.088021 0.177778
3 0.621094 0.529167 0.013021 0.025000
