1 0.114062 0.484259 0.062500 0.196296
1 0.235156 0.475463 0.058854 0.123148
1 0.190885 0.520370 0.093229 0.257407
1 0.277083 0.451852 0.038542 0.131481
1 0.312500 0.525000 0.067708 0.220370
1 0.615885 0.573148 0.063021 0.209259
1 0.414323 0.605556 0.157812 0.366667
1 0.658333 0.714352 0.076042 0.513889
2 0.111458 0.409259 0.025000 0.042593
2 0.178906 0.421759 0.032813 0.058333
2 0.222396 0.434722 0.026042 0.047222
2 0.279687 0.409722 0.025000 0.041667
2 0.303646 0.438889 0.022917 0.042593
2 0.395833 0.465278 0.043750 0.075000
2 0.657552 0.495833 0.036979 0.075000
2 0.612760 0.494907 0.031771 0.056481
0 0.116406 0.520833 0.066146 0.156481
0 0.252865 0.576852 0.089063 0.253704
0 0.193750 0.586574 0.110417 0.225000
0 0.315365 0.577315 0.072396 0.200926
0 0.412240 0.618981 0.140104 0.117593
0 0.598958 0.674074 0.150000 0.209259
0 0.655729 0.786574 0.111458 0.245370
