1 0.669531 0.443981 0.041146 0.158333
1 0.731771 0.434722 0.050000 0.136111
1 0.724219 0.586111 0.136979 0.409259
1 0.443229 0.670370 0.177083 0.524074
1 0.943490 0.549537 0.108854 0.363889
2 0.441667 0.466667 0.052083 0.111111
2 0.933073 0.410648 0.048438 0.091667
2 0.709375 0.429630 0.042708 0.092593
2 0.671094 0.381481 0.017188 0.035185
0 0.443490 0.387963 0.005729 0.018519
0 0.439323 0.392593 0.006771 0.016667
0 0.659635 0.393981 0.013021 0.010185
0 0.671875 0.483333 0.061458 0.127778
0 0.725000 0.515741 0.064583 0.118519
0 0.718490 0.750463 0.146354 0.391667
0 0.441667 0.791204 0.198958 0.417593
0 0.927865 0.629630 0.144271 0.281481
0 0.357292 0.449074 0.020833 0.059259
0 0.923177 0.900463 0.153646 0.199074
3 0.717708 0.383796 0.019792 0.036111
