1 0.904948 0.418981 0.044271 0.117593
1 0.826302 0.530556 0.088021 0.361111
1 0.899219 0.463889 0.066146 0.192593
1 0.800521 0.514815 0.096875 0.309259
1 0.939583 0.482870 0.079167 0.258333
1 0.650260 0.705556 0.263021 0.588889
2 0.678125 0.497685 0.085417 0.182407
2 0.805208 0.396296 0.034375 0.057407
2 0.958073 0.377315 0.032813 0.049074
0 0.901302 0.497685 0.066146 0.167593
0 0.807031 0.578704 0.121354 0.242593
0 0.947917 0.528241 0.060417 0.217593
0 0.622396 0.826852 0.443750 0.346296
0 0.065104 0.943981 0.129167 0.112037
2 0.799479 0.378241 0.030208 0.060185
2 0.910937 0.387963 0.015625 0.037037
2 0.898958 0.376389 0.012500 0.023148
