1 0.210417 0.450000 0.037500 0.138889
1 0.287240 0.459722 0.036979 0.156481
1 0.320052 0.484722 0.061979 0.187963
1 0.250781 0.525463 0.149479 0.275000
1 0.195312 0.706019 0.231250 0.587963
2 0.320052 0.418981 0.031771 0.062037
2 0.287500 0.404167 0.030208 0.050926
2 0.236458 0.481944 0.098958 0.178704
0 0.185938 0.503704 0.022917 0.061111
0 0.336719 0.616204 0.114062 0.293519
0 0.336458 0.776389 0.105208 0.447222
0 0.229948 0.818519 0.329688 0.362963
2 0.214583 0.406019 0.021875 0.050926
2 0.247396 0.408796 0.041667 0.036111
