1 0.808073 0.453704 0.044271 0.201852
1 0.749740 0.509259 0.090104 0.301852
1 0.681250 0.595370 0.137500 0.496296
1 0.587240 0.675000 0.204687 0.644444
1 0.410417 0.697222 0.223958 0.605556
2 0.450521 0.469907 0.092708 0.150926
2 0.540365 0.441204 0.092188 0.169444
2 0.680990 0.392593 0.049479 0.081481
2 0.755990 0.389815 0.030729 0.064815
0 0.815625 0.508333 0.026042 0.116667
0 0.753125 0.584722 0.089583 0.254630
0 0.657552 0.659722 0.183854 0.358333
0 0.506510 0.825463 0.382812 0.349074
2 0.823438 0.366204 0.013542 0.023148
