1 0.114583 0.477778 0.033333 0.096296
1 0.195312 0.539815 0.073958 0.190741
1 0.105990 0.491204 0.068229 0.117593
1 0.024219 0.493519 0.047396 0.092593
1 0.563281 0.717130 0.172396 0.565741
2 0.573698 0.486111 0.054688 0.109259
2 0.192448 0.470370 0.030729 0.050000
2 0.009896 0.469444 0.018750 0.051852
2 0.098437 0.455093 0.019792 0.037963
0 0.349479 0.493056 0.011458 0.056481
0 0.649740 0.439352 0.015104 0.017593
0 0.352344 0.454167 0.004687 0.008333
0 0.128646 0.518519 0.034375 0.061111
0 0.200000 0.557870 0.073958 0.108333
0 0.133854 0.528241 0.046875 0.050926
0 0.068750 0.531019 0.015625 0.023148
0 0.023698 0.495370 0.021354 0.040741
0 0.053125 0.523611 0.019792 0.026852
0 0.568750 0.791667 0.160417 0.412963
2 0.110156 0.453241 0.017188 0.047222
