1 0.425521 0.583333 0.039583 0.131481
1 0.501302 0.581481 0.043229 0.122222
1 0.573438 0.630093 0.050000 0.191667
1 0.652865 0.639815 0.046354 0.246296
1 0.613542 0.673148 0.083333 0.290741
1 0.832812 0.689815 0.156250 0.290741
1 0.865365 0.787500 0.197396 0.425000
1 0.386719 0.626852 0.063021 0.175926
2 0.881771 0.631481 0.071875 0.133333
2 0.384635 0.562963 0.022396 0.050000
2 0.619792 0.549074 0.029167 0.046296
2 0.502604 0.535648 0.015625 0.032407
2 0.580469 0.542130 0.018229 0.034259
0 0.463281 0.589352 0.019271 0.069444
0 0.426563 0.620370 0.042708 0.135185
0 0.503646 0.643981 0.057292 0.147222
0 0.574740 0.653241 0.055729 0.175000
0 0.635156 0.661574 0.052604 0.186111
0 0.613802 0.762037 0.097396 0.309259
0 0.851562 0.856481 0.165625 0.287037
0 0.387760 0.727315 0.082812 0.243519
2 0.868490 0.596759 0.063021 0.108333
2 0.649479 0.537500 0.022917 0.037963
2 0.425781 0.528704 0.017188 0.029630
