1 0.573698 0.476852 0.028646 0.103704
1 0.859896 0.722685 0.123958 0.55463
1 0.952083 0.735185 0.088542 0.52963
2 0.946615 0.537963 0.079687 0.131481
2 0.889844 0.5 0.038021 0.109259
2 0.465365 0.435185 0.016146 0.02037
2 0.39349 0.430556 0.014063 0.024074
2 0.511458 0.434722 0.009375 0.019444
2 0.579688 0.43287 0.010417 0.021296
2 0.569271 0.438426 0.009375 0.019444
2 0.52474 0.430556 0.010937 0.018519
1 0.4623922861780594 0.4986894334943627 0.043451927695537323 0.12913819753766798
1 0.38829003875809676 0.49563893337633436 0.04514029606476885 0.13255498292679235
1 0.5099510241673103 0.4921732394510404 0.03593068030286614 0.10531800446161349
1 0.5236626116202479 0.48798952509496585 0.03658600906894169 0.1071814882855549
0 0.392708 0.469907 0.042708 0.017593
0 0.569792 0.506481 0.04375 0.112963
0 0.645833 0.47037 0.010417 0.022222
0 0.872656 0.812037 0.251563 0.375926
0 0.489323 0.459259 0.021354 0.022222
0 0.511458 0.465278 0.033333 0.025
0 0.525781 0.461574 0.031771 0.039815
