1 0.953906 0.688889 0.090104 0.244444
1 0.300000 0.753704 0.146875 0.455556
1 0.886198 0.788889 0.202604 0.420370
2 0.287240 0.579167 0.055729 0.093519
3 0.835938 0.617130 0.042708 0.113889
0 0.725260 0.616667 0.034896 0.107407
0 0.693750 0.639815 0.057292 0.101852
0 0.952083 0.774537 0.091667 0.263889
0 0.880208 0.874074 0.237500 0.251852
0 0.611979 0.610185 0.048958 0.083333
0 0.514844 0.544907 0.008854 0.034259
0 0.438281 0.570370 0.025521 0.062963
0 0.128385 0.574537 0.040104 0.128704
0 0.283073 0.838426 0.189062 0.323148
0 0.472917 0.543519 0.008333 0.048148
3 0.957031 0.597685 0.041146 0.069444
