1 0.163802 0.571759 0.039062 0.176852
1 0.491667 0.581944 0.033333 0.112037
1 0.576042 0.620370 0.045833 0.200000
1 0.571094 0.657407 0.063021 0.238889
1 0.549219 0.653241 0.070312 0.200926
1 0.413021 0.614352 0.046875 0.187963
1 0.448437 0.641204 0.070833 0.225000
1 0.384635 0.781481 0.108854 0.437037
1 0.275521 0.785648 0.140625 0.428704
3 0.294271 0.613889 0.043750 0.081481
3 0.364063 0.617593 0.040625 0.098148
2 0.452865 0.555556 0.024479 0.051852
2 0.540365 0.566204 0.021354 0.036111
2 0.558594 0.557870 0.016146 0.037963
2 0.570573 0.535185 0.015104 0.029630
3 0.492188 0.534722 0.011458 0.019444
0 0.156771 0.609722 0.107292 0.100926
0 0.336198 0.530093 0.007812 0.019444
0 0.347135 0.531481 0.009896 0.016667
0 0.494010 0.604167 0.041146 0.080556
0 0.525260 0.574537 0.013021 0.047222
0 0.566146 0.646296 0.035417 0.131481
0 0.541146 0.700463 0.066667 0.187963
0 0.403646 0.653704 0.047917 0.122222
0 0.450260 0.727315 0.075521 0.276852
0 0.346354 0.852315 0.218750 0.293519
0 0.590625 0.536111 0.014583 0.022222
2 0.415885 0.534259 0.020313 0.038889
2 0.159896 0.502778 0.018750 0.038889
