1 0.554948 0.571296 0.033854 0.112963
1 0.849740 0.771759 0.206771 0.456481
1 0.624740 0.718519 0.131771 0.350000
1 0.196094 0.733796 0.091146 0.386111
1 0.126042 0.736111 0.077083 0.390741
2 0.875521 0.606019 0.070833 0.130556
2 0.125260 0.584722 0.042188 0.073148
2 0.172917 0.582407 0.050000 0.088889
2 0.649219 0.578704 0.035937 0.068519
0 0.370573 0.740278 0.049479 0.100926
0 0.517448 0.552778 0.018229 0.038889
0 0.533333 0.583333 0.017708 0.055556
0 0.558073 0.613889 0.036979 0.090741
0 0.830990 0.889352 0.179688 0.215741
0 0.634375 0.803704 0.112500 0.320370
0 0.180729 0.827315 0.185417 0.345370
2 0.560417 0.525926 0.013542 0.024074
2 0.521094 0.521296 0.007812 0.012963
2 0.533854 0.524074 0.008333 0.018519
2 0.498437 0.518981 0.006250 0.012037
