1 0.899740 0.774537 0.198437 0.449074
1 0.546875 0.631481 0.058333 0.205556
1 0.528125 0.608796 0.055208 0.175000
1 0.629167 0.679630 0.092708 0.264815
1 0.632031 0.683796 0.092188 0.258333
3 0.913281 0.627778 0.069271 0.146296
3 0.632812 0.576389 0.019792 0.050926
3 0.605729 0.575926 0.018750 0.051852
0 0.683854 0.650463 0.092708 0.200926
0 0.869010 0.931481 0.261979 0.137037
0 0.536979 0.663889 0.069792 0.170370
0 0.633333 0.761574 0.090625 0.241667
0 0.332813 0.545833 0.029167 0.039815
3 0.525521 0.539352 0.014583 0.037963
3 0.537240 0.537963 0.008854 0.033333
