1 0.632552 0.562500 0.036979 0.100926
1 0.648438 0.568056 0.033333 0.110185
1 0.653125 0.770833 0.160417 0.449074
1 0.193750 0.631019 0.073958 0.254630
1 0.141927 0.762963 0.171354 0.474074
2 0.131510 0.588426 0.056771 0.100926
2 0.686719 0.590278 0.034896 0.075000
2 0.191146 0.530093 0.028125 0.041667
2 0.639062 0.528704 0.011458 0.027778
0 0.623698 0.612500 0.030729 0.087963
0 0.675000 0.828241 0.185417 0.337963
0 0.196354 0.681019 0.083333 0.197222
0 0.127083 0.870370 0.252083 0.257407
3 0.653125 0.529167 0.017708 0.034259
