1 0.626302 0.700926 0.108854 0.329630
1 0.743490 0.766667 0.167187 0.466667
1 0.479167 0.699537 0.105208 0.334259
1 0.471875 0.675000 0.080208 0.279630
1 0.354687 0.675926 0.091667 0.300000
1 0.114583 0.786111 0.228125 0.427778
2 0.069010 0.644907 0.074479 0.147222
2 0.754427 0.583333 0.055729 0.101852
2 0.352344 0.561574 0.035937 0.073148
2 0.467448 0.566204 0.041146 0.060185
2 0.644531 0.571296 0.030729 0.059259
0 0.791146 0.592593 0.011458 0.081481
0 0.782813 0.603241 0.014583 0.075000
0 0.520052 0.565278 0.005729 0.054630
0 0.515885 0.568056 0.008854 0.036111
0 0.517448 0.552778 0.003646 0.011111
0 0.630208 0.767130 0.109375 0.282407
0 0.747917 0.861574 0.175000 0.276852
0 0.479427 0.752315 0.092188 0.293519
0 0.349740 0.781481 0.124479 0.353704
0 0.151562 0.908796 0.155208 0.182407
2 0.480469 0.561574 0.022396 0.058333
2 0.770052 0.532407 0.017188 0.027778
2 0.505469 0.522222 0.013021 0.022222
2 0.516146 0.518056 0.008333 0.019444
1 0.504948 0.546759 0.025521 0.069444
2 0.493229 0.518056 0.007292 0.015741
