1 0.368750 0.470833 0.027083 0.102778
1 0.353125 0.484259 0.036458 0.127778
1 0.391667 0.491667 0.040625 0.137037
1 0.244792 0.525000 0.059375 0.201852
1 0.910937 0.780093 0.178125 0.439815
2 0.989844 0.656019 0.020313 0.200926
2 0.389583 0.430556 0.012500 0.024074
2 0.455469 0.418981 0.008854 0.019444
3 0.527604 0.416667 0.006250 0.011111
2 0.228646 0.440278 0.019792 0.032407
1 0.384375 0.494444 0.043750 0.127778
1 0.452865 0.464815 0.038021 0.118519
1 0.525521 0.450000 0.027083 0.083333
0 0.452865 0.478704 0.025521 0.075926
0 0.526823 0.472685 0.024479 0.050926
0 0.453906 0.478241 0.026562 0.076852
0 0.415885 0.475000 0.009896 0.046296
0 0.407292 0.468519 0.019792 0.057407
0 0.360938 0.509722 0.037500 0.110185
0 0.335677 0.476389 0.015104 0.032407
0 0.392188 0.525926 0.040625 0.140741
0 0.305208 0.466667 0.005208 0.022222
0 0.258333 0.564815 0.048958 0.138889
0 0.879948 0.890278 0.198437 0.219444
2 0.351823 0.429167 0.010937 0.021296
2 0.363542 0.429630 0.010417 0.022222
