1 0.825521 0.755556 0.220833 0.488889
1 0.798177 0.484259 0.029687 0.100000
1 0.389323 0.546759 0.055729 0.197222
1 0.363542 0.531481 0.029167 0.166667
2 0.856771 0.573148 0.078125 0.127778
2 0.371354 0.462963 0.012500 0.029630
0 0.816667 0.831481 0.266667 0.337037
0 0.798438 0.511574 0.031250 0.076852
0 0.576302 0.477315 0.019271 0.030556
0 0.569271 0.491204 0.036458 0.078704
0 0.560156 0.503241 0.050521 0.087963
0 0.551302 0.504167 0.053646 0.106481
0 0.547135 0.533333 0.021354 0.074074
0 0.522656 0.517130 0.047396 0.113889
0 0.385677 0.570833 0.073438 0.156481
0 0.250521 0.503241 0.026042 0.093519
2 0.383594 0.466204 0.016146 0.037963
2 0.799740 0.445833 0.011979 0.023148
