1 0.396354 0.493519 0.039583 0.122222
1 0.361198 0.524074 0.072396 0.161111
1 0.291927 0.558333 0.107813 0.22037
1 0.082292 0.731481 0.163542 0.533333
2 0.05026 0.539352 0.085938 0.137963
2 0.299479 0.483333 0.039583 0.064815
2 0.360677 0.473611 0.024479 0.05463
2 0.395573 0.446296 0.017188 0.027778
2 0.423698 0.463426 0.016146 0.028704
1 0.42017559912498254 0.5401405591441978 0.04991288666440796 0.1590794393312339
0 0.363802 0.581944 0.080729 0.139815
0 0.279167 0.730556 0.13125 0.288889
0 0.094271 0.806481 0.1875 0.387037
