1 0.565104 0.573148 0.075000 0.244444
1 0.612500 0.652778 0.127083 0.416667
1 0.113542 0.728704 0.187500 0.537037
1 0.076823 0.731019 0.152604 0.480556
1 0.472656 0.590278 0.086979 0.280556
2 0.063542 0.506019 0.055208 0.086111
2 0.629427 0.482407 0.034896 0.066667
2 0.479948 0.476389 0.024479 0.049074
2 0.577344 0.465741 0.027604 0.046296
0 0.569010 0.628241 0.066146 0.262037
0 0.634896 0.736111 0.132292 0.405556
0 0.107292 0.780093 0.213542 0.439815
0 0.474479 0.631481 0.085417 0.255556
2 0.201823 0.473148 0.020313 0.029630
2 0.021354 0.546296 0.041667 0.100000
