1 0.660937 0.496759 0.032292 0.112037
1 0.730990 0.527778 0.033854 0.144444
1 0.603646 0.719444 0.107292 0.546296
1 0.690625 0.686111 0.106250 0.501852
2 0.689844 0.488889 0.053646 0.098148
2 0.633594 0.489352 0.040104 0.093519
0 0.181510 0.521759 0.030729 0.076852
0 0.218229 0.593519 0.116667 0.174074
0 0.659896 0.528241 0.033333 0.060185
0 0.729427 0.558796 0.046354 0.123148
0 0.808333 0.543981 0.040625 0.050926
0 0.634375 0.810648 0.235417 0.378704
2 0.725781 0.475926 0.016146 0.040741
2 0.655729 0.462037 0.015625 0.035185
